SEASON_ID,TEAM_ID,TEAM_ABBREVIATION,TEAM_NAME,GAME_ID,GAME_DATE,MATCHUP,WL,MIN,PTS,FGM,FGA,FG_PCT,FG3M,FG3A,FG3_PCT,FTM,FTA,FT_PCT,OREB,DREB,REB,AST,STL,BLK,TOV,PF,PLUS_MINUS
42013,1610612748,MIA,Miami Heat,0041300405,2014-06-15,MIA @ SAS,L,240,87,30,75,0.4,7,25,0.28,20,27,0.741,5,36,41,14,5,4,10,23,-17.0
42013,1610612759,SAS,San Antonio Spurs,0041300405,2014-06-15,SAS vs. MIA,W,239,104,37,78,0.474,12,26,0.462,18,23,0.783,6,34,40,25,5,4,8,21,17.0
42013,1610612759,SAS,San Antonio Spurs,0041300404,2014-06-12,SAS @ MIA,W,242,107,40,70,0.571,9,21,0.429,18,25,0.72,12,32,44,25,8,4,14,19,21.0
42013,1610612748,MIA,Miami Heat,0041300404,2014-06-12,MIA vs. SAS,L,241,86,32,71,0.451,9,22,0.409,13,20,0.65,6,21,27,13,7,1,13,25,-21.0
42013,1610612748,MIA,Miami Heat,0041300403,2014-06-10,MIA vs. SAS,L,241,92,32,62,0.516,10,21,0.476,18,24,0.75,5,21,26,17,8,1,20,26,-19.0
42013,1610612759,SAS,San Antonio Spurs,0041300403,2014-06-10,SAS @ MIA,W,240,111,38,64,0.594,9,20,0.45,26,32,0.813,5,24,29,21,12,4,12,25,19.0
42013,1610612748,MIA,Miami Heat,0041300402,2014-06-08,MIA @ SAS,W,241,98,37,70,0.529,8,19,0.421,16,21,0.762,5,33,38,16,6,3,13,20,2.0
42013,1610612759,SAS,San Antonio Spurs,0041300402,2014-06-08,SAS vs. MIA,L,240,96,36,82,0.439,12,26,0.462,12,20,0.6,11,26,37,26,7,1,11,20,-2.0
42013,1610612748,MIA,Miami Heat,0041300401,2014-06-05,MIA @ SAS,L,241,95,37,78,0.474,12,29,0.414,9,11,0.818,7,22,29,16,14,2,16,21,-15.0
42013,1610612759,SAS,San Antonio Spurs,0041300401,2014-06-05,SAS vs. MIA,W,240,110,40,68,0.588,13,25,0.52,17,22,0.773,5,34,39,30,8,4,22,14,15.0
42013,1610612760,OKC,Oklahoma City Thunder,0041300316,2014-05-31,OKC vs. SAS,L,265,107,35,82,0.427,8,27,0.296,29,33,0.879,7,38,45,19,9,7,19,29,-5.0
42013,1610612759,SAS,San Antonio Spurs,0041300316,2014-05-31,SAS @ OKC,W,264,112,38,94,0.404,11,35,0.314,25,34,0.735,16,33,49,20,15,5,14,24,5.0
42013,1610612748,MIA,Miami Heat,0041300306,2014-05-30,MIA vs. IND,W,242,117,44,76,0.579,11,26,0.423,18,21,0.857,8,29,37,24,7,4,9,22,25.0
42013,1610612754,IND,Indiana Pacers,0041300306,2014-05-30,IND @ MIA,L,241,92,32,69,0.464,10,25,0.4,18,24,0.75,4,24,28,14,5,2,11,17,-25.0
42013,1610612759,SAS,San Antonio Spurs,0041300315,2014-05-29,SAS vs. OKC,W,240,117,39,76,0.513,13,26,0.5,26,30,0.867,10,38,48,23,6,3,12,19,28.0
42013,1610612760,OKC,Oklahoma City Thunder,0041300315,2014-05-29,OKC @ SAS,L,239,89,35,81,0.432,6,24,0.25,13,20,0.65,8,27,35,19,6,4,11,24,-28.0
42013,1610612754,IND,Indiana Pacers,0041300305,2014-05-28,IND vs. MIA,W,240,93,37,78,0.474,6,21,0.286,13,22,0.591,16,29,45,13,12,2,12,16,3.0
42013,1610612748,MIA,Miami Heat,0041300305,2014-05-28,MIA @ IND,L,239,90,34,75,0.453,15,31,0.484,7,8,0.875,11,27,38,22,6,3,17,24,-3.0
42013,1610612759,SAS,San Antonio Spurs,0041300314,2014-05-27,SAS @ OKC,L,241,92,33,83,0.398,9,27,0.333,17,22,0.773,11,30,41,17,4,2,13,22,-13.0
42013,1610612760,OKC,Oklahoma City Thunder,0041300314,2014-05-27,OKC vs. SAS,W,239,105,37,76,0.487,7,16,0.438,24,31,0.774,5,37,42,22,12,8,7,20,13.0
42013,1610612754,IND,Indiana Pacers,0041300304,2014-05-26,IND @ MIA,L,241,90,35,71,0.493,9,21,0.429,11,17,0.647,9,28,37,18,1,1,14,27,-12.0
42013,1610612748,MIA,Miami Heat,0041300304,2014-05-26,MIA vs. IND,W,242,102,32,69,0.464,8,24,0.333,30,34,0.882,6,28,34,16,7,2,5,17,12.0
42013,1610612760,OKC,Oklahoma City Thunder,0041300313,2014-05-25,OKC vs. SAS,W,241,106,37,81,0.457,6,22,0.273,26,31,0.839,15,37,52,17,7,10,18,24,9.0
42013,1610612759,SAS,San Antonio Spurs,0041300313,2014-05-25,SAS @ OKC,L,239,97,36,91,0.396,10,26,0.385,15,16,0.938,11,25,36,22,6,2,16,20,-9.0
42013,1610612748,MIA,Miami Heat,0041300303,2014-05-24,MIA vs. IND,W,240,99,37,68,0.544,10,18,0.556,15,20,0.75,6,23,29,17,9,2,15,24,12.0
42013,1610612754,IND,Indiana Pacers,0041300303,2014-05-24,IND @ MIA,L,241,87,31,65,0.477,6,21,0.286,19,25,0.76,6,23,29,17,7,1,17,22,-12.0
42013,1610612760,OKC,Oklahoma City Thunder,0041300312,2014-05-21,OKC @ SAS,L,241,77,35,89,0.393,2,20,0.1,5,10,0.5,11,27,38,18,6,3,14,21,-35.0
42013,1610612759,SAS,San Antonio Spurs,0041300312,2014-05-21,SAS vs. OKC,W,240,112,41,82,0.5,9,23,0.391,21,23,0.913,11,42,53,27,8,7,12,15,35.0
42013,1610612748,MIA,Miami Heat,0041300302,2014-05-20,MIA @ IND,W,242,87,34,67,0.507,8,20,0.4,11,18,0.611,6,32,38,19,7,6,11,17,4.0
42013,1610612754,IND,Indiana Pacers,0041300302,2014-05-20,IND vs. MIA,L,240,83,32,80,0.4,9,19,0.474,10,15,0.667,16,25,41,19,6,2,10,16,-4.0
42013,1610612759,SAS,San Antonio Spurs,0041300311,2014-05-19,SAS vs. OKC,W,240,122,50,87,0.575,9,17,0.529,13,17,0.765,8,32,40,28,8,2,9,20,17.0
42013,1610612760,OKC,Oklahoma City Thunder,0041300311,2014-05-19,OKC @ SAS,L,240,105,37,80,0.463,12,27,0.444,19,23,0.826,9,28,37,19,4,3,16,22,-17.0
42013,1610612748,MIA,Miami Heat,0041300301,2014-05-18,MIA @ IND,L,242,96,40,78,0.513,6,23,0.261,10,15,0.667,4,25,29,23,7,4,11,26,-11.0
42013,1610612754,IND,Indiana Pacers,0041300301,2014-05-18,IND vs. MIA,W,243,107,35,68,0.515,8,19,0.421,29,37,0.784,7,31,38,23,4,3,12,15,11.0
42013,1610612754,IND,Indiana Pacers,0041300206,2014-05-15,IND @ WAS,W,241,93,37,72,0.514,2,10,0.2,17,25,0.68,5,33,38,18,6,4,11,23,13.0
42013,1610612746,LAC,Los Angeles Clippers,0041300236,2014-05-15,LAC vs. OKC,L,239,98,40,95,0.421,6,21,0.286,12,20,0.6,12,29,41,26,9,3,9,27,-6.0
42013,1610612760,OKC,Oklahoma City Thunder,0041300236,2014-05-15,OKC @ LAC,W,241,104,33,72,0.458,9,25,0.36,29,33,0.879,7,36,43,25,5,5,15,22,6.0
42013,1610612764,WAS,Washington Wizards,0041300206,2014-05-15,WAS vs. IND,L,239,80,31,79,0.392,2,18,0.111,16,20,0.8,9,31,40,17,4,3,11,23,-13.0
42013,1610612748,MIA,Miami Heat,0041300215,2014-05-14,MIA vs. BKN,W,241,96,29,67,0.433,9,29,0.31,29,31,0.935,7,26,33,18,5,4,10,16,2.0
42013,1610612757,POR,Portland Trail Blazers,0041300225,2014-05-14,POR @ SAS,L,239,82,33,81,0.407,5,19,0.263,11,17,0.647,7,38,45,18,3,2,18,16,-22.0
42013,1610612751,BKN,Brooklyn Nets,0041300215,2014-05-14,BKN @ MIA,L,241,94,37,78,0.474,8,22,0.364,12,15,0.8,12,24,36,14,4,3,12,21,-2.0
42013,1610612759,SAS,San Antonio Spurs,0041300225,2014-05-14,SAS vs. POR,W,239,104,42,89,0.472,9,21,0.429,11,16,0.688,9,38,47,24,13,4,6,19,22.0
42013,1610612754,IND,Indiana Pacers,0041300205,2014-05-13,IND vs. WAS,L,238,79,30,77,0.39,6,15,0.4,13,22,0.591,4,19,23,19,8,5,11,20,-23.0
42013,1610612746,LAC,Los Angeles Clippers,0041300235,2014-05-13,LAC @ OKC,L,241,104,38,88,0.432,12,27,0.444,16,20,0.8,12,32,44,21,7,4,17,28,-1.0
42013,1610612760,OKC,Oklahoma City Thunder,0041300235,2014-05-13,OKC vs. LAC,W,238,105,33,77,0.429,7,17,0.412,32,36,0.889,7,37,44,14,9,5,12,21,1.0
42013,1610612764,WAS,Washington Wizards,0041300205,2014-05-13,WAS @ IND,W,242,102,41,82,0.5,5,18,0.278,15,19,0.789,18,44,62,21,8,3,19,22,23.0
42013,1610612751,BKN,Brooklyn Nets,0041300214,2014-05-12,BKN vs. MIA,L,241,96,34,78,0.436,5,22,0.227,23,28,0.821,14,26,40,22,4,1,10,22,-6.0
42013,1610612759,SAS,San Antonio Spurs,0041300224,2014-05-12,SAS @ POR,L,240,92,39,88,0.443,3,18,0.167,11,19,0.579,8,38,46,13,8,3,10,18,-11.0
42013,1610612757,POR,Portland Trail Blazers,0041300224,2014-05-12,POR vs. SAS,W,240,103,43,98,0.439,7,21,0.333,10,13,0.769,14,39,53,17,4,4,13,20,11.0
42013,1610612748,MIA,Miami Heat,0041300214,2014-05-12,MIA @ BKN,W,240,102,37,70,0.529,8,24,0.333,20,27,0.741,7,27,34,14,8,6,8,23,6.0
42013,1610612746,LAC,Los Angeles Clippers,0041300234,2014-05-11,LAC vs. OKC,W,240,101,39,93,0.419,3,21,0.143,20,29,0.69,15,30,45,23,11,4,9,24,2.0
42013,1610612764,WAS,Washington Wizards,0041300204,2014-05-11,WAS vs. IND,L,240,92,36,79,0.456,5,15,0.333,15,19,0.789,7,29,36,22,11,8,13,23,-3.0
42013,1610612760,OKC,Oklahoma City Thunder,0041300234,2014-05-11,OKC @ LAC,L,241,99,33,75,0.44,7,24,0.292,26,34,0.765,9,34,43,17,6,8,16,27,-2.0
42013,1610612754,IND,Indiana Pacers,0041300204,2014-05-11,IND @ WAS,W,240,95,33,73,0.452,10,22,0.455,19,29,0.655,9,31,40,20,6,2,18,19,3.0
42013,1610612751,BKN,Brooklyn Nets,0041300213,2014-05-10,BKN vs. MIA,W,241,104,38,72,0.528,15,25,0.6,13,17,0.765,9,34,43,26,6,1,14,23,14.0
42013,1610612748,MIA,Miami Heat,0041300213,2014-05-10,MIA @ BKN,L,242,90,31,68,0.456,8,24,0.333,20,25,0.8,5,22,27,13,8,6,10,20,-14.0
42013,1610612757,POR,Portland Trail Blazers,0041300223,2014-05-10,POR vs. SAS,L,242,103,36,84,0.429,8,23,0.348,23,31,0.742,7,34,41,23,5,0,14,20,-15.0
42013,1610612759,SAS,San Antonio Spurs,0041300223,2014-05-10,SAS @ POR,W,241,118,43,89,0.483,7,21,0.333,25,25,1.0,8,33,41,23,10,0,7,25,15.0
42013,1610612746,LAC,Los Angeles Clippers,0041300233,2014-05-09,LAC vs. OKC,L,240,112,42,93,0.452,7,26,0.269,21,25,0.84,14,19,33,25,5,7,6,26,-6.0
42013,1610612754,IND,Indiana Pacers,0041300203,2014-05-09,IND @ WAS,W,241,85,31,74,0.419,7,15,0.467,16,21,0.762,4,38,42,20,9,6,9,20,22.0
42013,1610612760,OKC,Oklahoma City Thunder,0041300233,2014-05-09,OKC @ LAC,W,240,118,44,79,0.557,6,17,0.353,24,28,0.857,10,34,44,26,1,6,14,23,6.0
42013,1610612764,WAS,Washington Wizards,0041300203,2014-05-09,WAS vs. IND,L,239,63,24,73,0.329,4,16,0.25,11,21,0.524,10,35,45,10,6,5,17,22,-22.0
42013,1610612759,SAS,San Antonio Spurs,0041300222,2014-05-08,SAS vs. POR,W,242,114,48,90,0.533,12,20,0.6,6,14,0.429,11,30,41,27,7,8,8,17,17.0
42013,1610612748,MIA,Miami Heat,0041300212,2014-05-08,MIA vs. BKN,W,239,94,35,71,0.493,10,24,0.417,14,18,0.778,6,30,36,17,10,7,8,14,12.0
42013,1610612757,POR,Portland Trail Blazers,0041300222,2014-05-08,POR @ SAS,L,241,97,40,93,0.43,7,18,0.389,10,10,1.0,14,30,44,15,3,3,13,18,-17.0
42013,1610612751,BKN,Brooklyn Nets,0041300212,2014-05-08,BKN @ MIA,L,241,82,33,78,0.423,8,24,0.333,8,14,0.571,13,30,43,19,5,3,14,15,-12.0
42013,1610612760,OKC,Oklahoma City Thunder,0041300232,2014-05-07,OKC vs. LAC,W,239,112,44,87,0.506,8,23,0.348,16,22,0.727,15,37,52,23,8,2,16,21,11.0
42013,1610612754,IND,Indiana Pacers,0041300202,2014-05-07,IND vs. WAS,W,239,86,32,72,0.444,4,12,0.333,18,21,0.857,4,34,38,17,8,3,7,15,4.0
42013,1610612746,LAC,Los Angeles Clippers,0041300232,2014-05-07,LAC @ OKC,L,239,101,37,83,0.446,9,27,0.333,18,23,0.783,9,27,36,23,11,2,14,26,-11.0
42013,1610612764,WAS,Washington Wizards,0041300202,2014-05-07,WAS @ IND,L,241,82,36,80,0.45,5,21,0.238,5,12,0.417,11,32,43,20,5,3,9,21,-4.0
42013,1610612751,BKN,Brooklyn Nets,0041300211,2014-05-06,BKN @ MIA,L,240,86,33,70,0.471,10,24,0.417,10,17,0.588,6,26,32,11,5,1,11,18,-21.0
42013,1610612757,POR,Portland Trail Blazers,0041300221,2014-05-06,POR @ SAS,L,240,92,31,82,0.378,4,16,0.25,26,31,0.839,14,33,47,9,6,2,20,25,-24.0
42013,1610612759,SAS,San Antonio Spurs,0041300221,2014-05-06,SAS vs. POR,W,239,116,44,87,0.506,7,16,0.438,21,25,0.84,13,32,45,21,12,2,12,21,24.0
42013,1610612748,MIA,Miami Heat,0041300211,2014-05-06,MIA vs. BKN,W,238,107,42,74,0.568,9,23,0.391,14,16,0.875,4,33,37,22,4,4,10,17,21.0
42013,1610612754,IND,Indiana Pacers,0041300201,2014-05-05,IND vs. WAS,L,241,96,33,81,0.407,8,17,0.471,22,27,0.815,6,30,36,16,6,5,13,26,-6.0
42013,1610612764,WAS,Washington Wizards,0041300201,2014-05-05,WAS @ IND,W,240,102,35,84,0.417,10,16,0.625,22,31,0.71,17,36,53,23,7,7,15,23,6.0
42013,1610612760,OKC,Oklahoma City Thunder,0041300231,2014-05-05,OKC vs. LAC,L,241,105,39,85,0.459,9,28,0.321,18,23,0.783,15,32,47,17,5,4,17,22,-17.0
42013,1610612746,LAC,Los Angeles Clippers,0041300231,2014-05-05,LAC @ OKC,W,241,122,45,82,0.549,15,29,0.517,17,30,0.567,6,25,31,26,8,1,8,24,17.0
42013,1610612759,SAS,San Antonio Spurs,0041300147,2014-05-04,SAS vs. DAL,W,241,119,42,74,0.568,10,24,0.417,25,33,0.758,6,34,40,21,10,4,11,21,23.0
42013,1610612742,DAL,Dallas Mavericks,0041300147,2014-05-04,DAL @ SAS,L,240,96,36,88,0.409,9,25,0.36,15,17,0.882,11,28,39,21,6,2,13,21,-23.0
42013,1610612761,TOR,Toronto Raptors,0041300127,2014-05-04,TOR vs. BKN,L,239,103,35,73,0.479,4,13,0.308,29,33,0.879,10,28,38,13,4,3,9,27,-1.0
42013,1610612751,BKN,Brooklyn Nets,0041300127,2014-05-04,BKN @ TOR,W,240,104,37,81,0.457,8,23,0.348,22,30,0.733,16,26,42,16,5,3,8,26,1.0
42013,1610612744,GSW,Golden State Warriors,0041300167,2014-05-03,GSW @ LAC,L,240,121,39,79,0.494,14,25,0.56,29,35,0.829,9,28,37,25,9,6,18,21,-5.0
42013,1610612754,IND,Indiana Pacers,0041300107,2014-05-03,IND vs. ATL,W,240,92,33,70,0.471,3,18,0.167,23,29,0.793,10,45,55,17,6,13,17,19,12.0
42013,1610612763,MEM,Memphis Grizzlies,0041300157,2014-05-03,MEM @ OKC,L,240,109,37,83,0.446,5,17,0.294,30,34,0.882,10,19,29,22,13,1,14,22,-11.0
42013,1610612760,OKC,Oklahoma City Thunder,0041300157,2014-05-03,OKC vs. MEM,W,240,120,42,69,0.609,11,19,0.579,25,30,0.833,9,24,33,22,7,2,20,28,11.0
42013,1610612746,LAC,Los Angeles Clippers,0041300167,2014-05-03,LAC vs. GSW,W,239,126,46,83,0.554,8,24,0.333,26,33,0.788,7,31,38,26,14,7,13,21,5.0
42013,1610612737,ATL,Atlanta Hawks,0041300107,2014-05-03,ATL @ IND,L,240,80,28,92,0.304,11,44,0.25,13,16,0.813,15,23,38,16,9,4,10,24,-12.0
42013,1610612759,SAS,San Antonio Spurs,0041300146,2014-05-02,SAS @ DAL,L,240,111,40,75,0.533,7,16,0.438,24,28,0.857,6,33,39,21,9,4,14,26,-2.0
42013,1610612745,HOU,Houston Rockets,0041300176,2014-05-02,HOU @ POR,L,239,98,34,75,0.453,7,19,0.368,23,31,0.742,14,30,44,19,8,3,15,20,-1.0
42013,1610612761,TOR,Toronto Raptors,0041300126,2014-05-02,TOR @ BKN,L,239,83,30,78,0.385,7,24,0.292,16,20,0.8,8,34,42,16,9,3,14,25,-14.0
42013,1610612757,POR,Portland Trail Blazers,0041300176,2014-05-02,POR vs. HOU,W,240,99,35,82,0.427,9,24,0.375,20,22,0.909,12,22,34,14,9,6,12,20,1.0
42013,1610612742,DAL,Dallas Mavericks,0041300146,2014-05-02,DAL vs. SAS,W,240,113,45,87,0.517,8,18,0.444,15,24,0.625,13,27,40,18,8,2,15,20,2.0
42013,1610612751,BKN,Brooklyn Nets,0041300126,2014-05-02,BKN vs. TOR,W,241,97,36,77,0.468,6,21,0.286,19,25,0.76,9,36,45,17,10,5,12,14,14.0
42013,1610612744,GSW,Golden State Warriors,0041300166,2014-05-01,GSW vs. LAC,W,240,100,35,89,0.393,7,24,0.292,23,37,0.622,18,32,50,20,7,4,8,24,1.0
42013,1610612760,OKC,Oklahoma City Thunder,0041300156,2014-05-01,OKC @ MEM,W,241,104,37,75,0.493,7,21,0.333,23,25,0.92,8,39,47,15,7,11,13,19,20.0
42013,1610612763,MEM,Memphis Grizzlies,0041300156,2014-05-01,MEM vs. OKC,L,241,84,31,83,0.373,3,14,0.214,19,28,0.679,11,25,36,19,5,1,10,19,-20.0
42013,1610612754,IND,Indiana Pacers,0041300106,2014-05-01,IND @ ATL,W,238,95,33,77,0.429,6,20,0.3,23,27,0.852,9,38,47,15,7,3,13,27,7.0
42013,1610612746,LAC,Los Angeles Clippers,0041300166,2014-05-01,LAC @ GSW,L,240,99,32,86,0.372,11,34,0.324,24,33,0.727,15,38,53,22,3,5,12,28,-1.0
42013,1610612737,ATL,Atlanta Hawks,0041300106,2014-05-01,ATL vs. IND,L,239,88,29,81,0.358,9,35,0.257,21,24,0.875,11,33,44,14,7,5,13,23,-7.0
42013,1610612742,DAL,Dallas Mavericks,0041300145,2014-04-30,DAL @ SAS,L,240,103,39,89,0.438,12,28,0.429,13,15,0.867,9,38,47,18,2,8,8,21,-6.0
42013,1610612745,HOU,Houston Rockets,0041300175,2014-04-30,HOU vs. POR,W,239,108,43,91,0.473,8,25,0.32,14,18,0.778,14,34,48,23,7,8,12,21,10.0
42013,1610612757,POR,Portland Trail Blazers,0041300175,2014-04-30,POR @ HOU,L,241,98,36,83,0.434,9,25,0.36,17,23,0.739,9,25,34,14,8,14,10,21,-10.0
42013,1610612759,SAS,San Antonio Spurs,0041300145,2014-04-30,SAS vs. DAL,W,241,109,41,88,0.466,8,16,0.5,19,27,0.704,12,35,47,24,6,5,5,15,6.0
42013,1610612761,TOR,Toronto Raptors,0041300125,2014-04-30,TOR vs. BKN,W,240,115,37,77,0.481,12,26,0.462,29,36,0.806,9,28,37,21,6,2,11,25,2.0
42013,1610612751,BKN,Brooklyn Nets,0041300125,2014-04-30,BKN @ TOR,L,241,113,40,75,0.533,11,23,0.478,22,30,0.733,10,24,34,22,8,4,14,27,-2.0
42013,1610612744,GSW,Golden State Warriors,0041300165,2014-04-29,GSW @ LAC,L,239,103,40,85,0.471,10,26,0.385,13,19,0.684,13,29,42,24,6,1,13,28,-10.0
42013,1610612760,OKC,Oklahoma City Thunder,0041300155,2014-04-29,OKC vs. MEM,L,265,99,36,92,0.391,12,31,0.387,15,19,0.789,19,32,51,24,2,3,17,22,-1.0
42013,1610612741,CHI,Chicago Bulls,0041300135,2014-04-29,CHI vs. WAS,L,240,69,25,75,0.333,6,16,0.375,13,17,0.765,11,32,43,19,4,8,11,17,-6.0
42013,1610612764,WAS,Washington Wizards,0041300135,2014-04-29,WAS @ CHI,W,239,75,30,74,0.405,2,9,0.222,13,19,0.684,13,36,49,16,9,11,12,19,6.0
42013,1610612763,MEM,Memphis Grizzlies,0041300155,2014-04-29,MEM @ OKC,W,266,100,37,87,0.425,7,19,0.368,19,26,0.731,13,37,50,21,11,3,9,21,1.0
42013,1610612746,LAC,Los Angeles Clippers,0041300165,2014-04-29,LAC vs. GSW,W,240,113,37,76,0.487,8,20,0.4,31,41,0.756,12,29,41,20,10,4,12,21,10.0
42013,1610612759,SAS,San Antonio Spurs,0041300144,2014-04-28,SAS @ DAL,W,239,93,36,80,0.45,5,17,0.294,16,22,0.727,11,38,49,16,4,2,14,20,4.0
42013,1610612742,DAL,Dallas Mavericks,0041300144,2014-04-28,DAL vs. SAS,L,239,89,32,84,0.381,7,24,0.292,18,28,0.643,16,33,49,18,8,3,9,23,-4.0
42013,1610612754,IND,Indiana Pacers,0041300105,2014-04-28,IND vs. ATL,L,240,97,36,78,0.462,14,30,0.467,11,18,0.611,7,28,35,24,11,7,12,24,-10.0
42013,1610612748,MIA,Miami Heat,0041300114,2014-04-28,MIA @ CHA,W,241,109,39,78,0.5,9,24,0.375,22,29,0.759,5,28,33,25,7,2,8,21,11.0
42013,1610612737,ATL,Atlanta Hawks,0041300105,2014-04-28,ATL @ IND,W,240,107,33,66,0.5,15,27,0.556,26,33,0.788,6,32,38,19,5,6,16,19,10.0
42013,1610612766,CHA,Charlotte Bobcats,0041300114,2014-04-28,CHA vs. MIA,L,240,98,35,69,0.507,7,25,0.28,21,30,0.7,6,30,36,22,4,6,16,24,-11.0
42013,1610612746,LAC,Los Angeles Clippers,0041300164,2014-04-27,LAC @ GSW,L,241,97,33,77,0.429,10,31,0.323,21,24,0.875,7,25,32,20,5,2,19,25,-21.0
42013,1610612761,TOR,Toronto Raptors,0041300124,2014-04-27,TOR @ BKN,W,242,87,31,75,0.413,6,23,0.261,19,23,0.826,9,34,43,15,9,3,10,29,8.0
42013,1610612757,POR,Portland Trail Blazers,0041300174,2014-04-27,POR vs. HOU,W,265,123,45,91,0.495,11,28,0.393,22,30,0.733,11,33,44,25,10,8,11,24,3.0
42013,1610612744,GSW,Golden State Warriors,0041300164,2014-04-27,GSW vs. LAC,W,240,118,41,74,0.554,15,32,0.469,21,28,0.75,6,28,34,32,8,5,15,26,21.0
42013,1610612745,HOU,Houston Rockets,0041300174,2014-04-27,HOU @ POR,L,265,120,41,84,0.488,11,28,0.393,27,38,0.711,14,35,49,16,5,4,16,27,-3.0
42013,1610612764,WAS,Washington Wizards,0041300134,2014-04-27,WAS vs. CHI,W,240,98,35,86,0.407,8,19,0.421,20,25,0.8,14,24,38,22,8,5,6,18,9.0
42013,1610612751,BKN,Brooklyn Nets,0041300124,2014-04-27,BKN vs. TOR,L,241,79,28,68,0.412,4,20,0.2,19,29,0.655,10,33,43,17,6,3,16,25,-8.0
42013,1610612741,CHI,Chicago Bulls,0041300134,2014-04-27,CHI @ WAS,L,240,89,35,78,0.449,4,19,0.211,15,17,0.882,13,29,42,22,2,4,16,22,-9.0
42013,1610612754,IND,Indiana Pacers,0041300104,2014-04-26,IND @ ATL,W,241,91,37,77,0.481,9,23,0.391,8,14,0.571,8,35,43,22,7,11,10,19,3.0
42013,1610612742,DAL,Dallas Mavericks,0041300143,2014-04-26,DAL vs. SAS,W,239,109,42,82,0.512,9,23,0.391,16,19,0.842,10,25,35,25,4,6,16,19,1.0
42013,1610612737,ATL,Atlanta Hawks,0041300104,2014-04-26,ATL vs. IND,L,239,88,30,84,0.357,11,31,0.355,17,17,1.0,9,32,41,22,8,4,12,18,-3.0
42013,1612709902,SCW,Santa Cruz Warriors,2041300302,2014-04-26,SCW @ FWN,L,240,113,36,88,0.409,12,31,0.387,29,39,0.744,19,29,48,19,9,3,16,22,-6.0
42013,1610612766,CHA,Charlotte Bobcats,0041300113,2014-04-26,CHA vs. MIA,L,240,85,27,65,0.415,7,18,0.389,24,33,0.727,4,34,38,21,3,8,14,18,-13.0
42013,1612709910,FWN,Fort Wayne Mad Ants,2041300302,2014-04-26,FWN vs. SCW,W,239,119,46,97,0.474,8,20,0.4,19,28,0.679,20,28,48,21,14,1,12,25,6.0
42013,1610612759,SAS,San Antonio Spurs,0041300143,2014-04-26,SAS @ DAL,L,239,108,44,81,0.543,6,18,0.333,14,17,0.824,10,26,36,26,14,4,14,20,-1.0
42013,1610612763,MEM,Memphis Grizzlies,0041300154,2014-04-26,MEM vs. OKC,L,267,89,35,94,0.372,6,20,0.3,13,23,0.565,18,31,49,19,13,4,13,19,-3.0
42013,1610612760,OKC,Oklahoma City Thunder,0041300154,2014-04-26,OKC @ MEM,W,263,92,33,90,0.367,8,28,0.286,18,20,0.9,20,38,58,14,8,11,21,22,3.0
42013,1610612748,MIA,Miami Heat,0041300113,2014-04-26,MIA @ CHA,W,241,98,36,83,0.434,9,18,0.5,17,20,0.85,6,33,39,26,8,7,6,25,13.0
42013,1610612764,WAS,Washington Wizards,0041300133,2014-04-25,WAS vs. CHI,L,240,97,37,86,0.43,8,19,0.421,15,21,0.714,13,28,41,20,9,6,11,22,-3.0
42013,1610612757,POR,Portland Trail Blazers,0041300173,2014-04-25,POR vs. HOU,L,264,116,41,90,0.456,10,27,0.37,24,28,0.857,13,34,47,21,5,10,10,24,-5.0
42013,1610612751,BKN,Brooklyn Nets,0041300123,2014-04-25,BKN vs. TOR,W,240,102,33,67,0.493,7,20,0.35,29,37,0.784,3,26,29,21,7,2,11,32,4.0
42013,1610612745,HOU,Houston Rockets,0041300173,2014-04-25,HOU @ POR,W,264,121,45,105,0.429,12,31,0.387,19,22,0.864,22,31,53,20,4,4,8,28,5.0
42013,1610612741,CHI,Chicago Bulls,0041300133,2014-04-25,CHI @ WAS,W,241,100,34,71,0.479,12,24,0.5,20,30,0.667,7,29,36,24,8,2,16,23,3.0
42013,1610612761,TOR,Toronto Raptors,0041300123,2014-04-25,TOR @ BKN,L,242,98,31,67,0.463,7,22,0.318,29,37,0.784,8,27,35,18,5,3,17,31,-4.0
42013,1612709902,SCW,Santa Cruz Warriors,2041300301,2014-04-24,SCW vs. FWN,L,241,92,31,89,0.348,4,22,0.182,26,31,0.839,14,30,44,16,10,3,13,24,-10.0
42013,1610612746,LAC,Los Angeles Clippers,0041300163,2014-04-24,LAC @ GSW,W,240,98,40,86,0.465,8,28,0.286,10,23,0.435,14,33,47,25,11,6,13,20,2.0
42013,1610612763,MEM,Memphis Grizzlies,0041300153,2014-04-24,MEM vs. OKC,W,265,98,41,92,0.446,4,16,0.25,12,15,0.8,13,34,47,21,9,1,14,21,3.0
42013,1612709910,FWN,Fort Wayne Mad Ants,2041300301,2014-04-24,FWN @ SCW,W,240,102,38,87,0.437,8,22,0.364,18,28,0.643,17,43,60,24,6,9,21,27,10.0
42013,1610612754,IND,Indiana Pacers,0041300103,2014-04-24,IND @ ATL,L,239,85,32,85,0.376,5,20,0.25,16,21,0.762,10,41,51,21,9,2,13,22,-13.0
42013,1610612760,OKC,Oklahoma City Thunder,0041300153,2014-04-24,OKC @ MEM,L,264,95,34,87,0.391,5,28,0.179,22,30,0.733,15,33,48,13,9,6,16,23,-3.0
42013,1610612737,ATL,Atlanta Hawks,0041300103,2014-04-24,ATL vs. IND,W,240,98,28,73,0.384,12,34,0.353,30,37,0.811,4,37,41,21,4,4,14,19,13.0
42013,1610612744,GSW,Golden State Warriors,0041300163,2014-04-24,GSW vs. LAC,L,239,96,37,89,0.416,6,31,0.194,16,24,0.667,18,34,52,26,6,6,17,18,-2.0
42013,1610612742,DAL,Dallas Mavericks,0041300142,2014-04-23,DAL @ SAS,W,240,113,45,92,0.489,8,21,0.381,15,16,0.938,14,21,35,19,13,3,7,19,21.0
42013,1610612748,MIA,Miami Heat,0041300112,2014-04-23,MIA vs. CHA,W,240,101,35,67,0.522,9,23,0.391,22,29,0.759,4,33,37,19,9,6,17,21,4.0
42013,1610612759,SAS,San Antonio Spurs,0041300142,2014-04-23,SAS vs. DAL,L,240,92,32,64,0.5,10,20,0.5,18,29,0.621,9,23,32,17,1,3,22,19,-21.0
42013,1610612745,HOU,Houston Rockets,0041300172,2014-04-23,HOU vs. POR,L,239,105,39,90,0.433,3,16,0.188,24,30,0.8,14,28,42,16,7,4,14,27,-7.0
42013,1610612757,POR,Portland Trail Blazers,0041300172,2014-04-23,POR @ HOU,W,239,112,40,84,0.476,8,23,0.348,24,27,0.889,11,32,43,23,5,11,14,28,7.0
42013,1610612766,CHA,Charlotte Bobcats,0041300112,2014-04-23,CHA @ MIA,L,240,97,37,88,0.42,9,21,0.429,14,19,0.737,15,26,41,18,5,2,13,22,-4.0
42013,1610612761,TOR,Toronto Raptors,0041300122,2014-04-22,TOR vs. BKN,W,240,100,37,78,0.474,2,16,0.125,24,29,0.828,19,33,52,19,3,3,20,21,5.0
42013,1610612751,BKN,Brooklyn Nets,0041300122,2014-04-22,BKN @ TOR,L,240,95,34,77,0.442,7,24,0.292,20,28,0.714,11,19,30,19,14,6,10,26,-5.0
42013,1610612737,ATL,Atlanta Hawks,0041300102,2014-04-22,ATL @ IND,L,239,85,31,79,0.392,10,29,0.345,13,18,0.722,10,21,31,13,7,2,13,23,-16.0
42013,1610612764,WAS,Washington Wizards,0041300132,2014-04-22,WAS @ CHI,W,265,101,38,80,0.475,9,23,0.391,16,28,0.571,8,34,42,23,10,6,12,26,2.0
42013,1610612754,IND,Indiana Pacers,0041300102,2014-04-22,IND vs. ATL,W,240,101,36,68,0.529,8,17,0.471,21,27,0.778,8,30,38,25,8,4,16,18,16.0
42013,1610612741,CHI,Chicago Bulls,0041300132,2014-04-22,CHI vs. WAS,L,265,99,38,88,0.432,5,17,0.294,18,24,0.75,17,32,49,23,6,5,12,23,-2.0
42013,1610612744,GSW,Golden State Warriors,0041300162,2014-04-21,GSW @ LAC,L,240,98,36,76,0.474,4,19,0.211,22,27,0.815,13,23,36,18,8,4,26,33,-40.0
42013,1612709902,SCW,Santa Cruz Warriors,2041300213,2014-04-21,SCW @ RGV,W,239,147,55,95,0.579,9,19,0.474,28,33,0.848,14,34,48,31,6,2,13,27,19.0
42013,1610612746,LAC,Los Angeles Clippers,0041300162,2014-04-21,LAC vs. GSW,W,240,138,47,83,0.566,12,25,0.48,32,35,0.914,9,25,34,29,15,5,13,22,40.0
42013,1612709908,RGV,Rio Grande Valley Vipers,2041300213,2014-04-21,RGV vs. SCW,L,238,128,40,92,0.435,18,52,0.346,30,38,0.789,15,20,35,25,6,11,18,25,-19.0
42013,1610612760,OKC,Oklahoma City Thunder,0041300152,2014-04-21,OKC vs. MEM,L,266,105,37,93,0.398,9,30,0.3,22,25,0.88,16,33,49,20,6,10,8,22,-6.0
42013,1610612763,MEM,Memphis Grizzlies,0041300152,2014-04-21,MEM @ OKC,W,265,111,43,87,0.494,4,10,0.4,21,24,0.875,12,35,47,30,5,3,9,20,7.2
42013,1610612766,CHA,Charlotte Bobcats,0041300111,2014-04-20,CHA @ MIA,L,240,88,36,79,0.456,8,21,0.381,8,12,0.667,8,36,44,18,5,2,13,17,-11.0
42013,1610612757,POR,Portland Trail Blazers,0041300171,2014-04-20,POR @ HOU,W,265,122,42,97,0.433,9,27,0.333,29,39,0.744,17,37,54,14,7,6,12,32,2.0
42013,1610612759,SAS,San Antonio Spurs,0041300141,2014-04-20,SAS vs. DAL,W,240,90,35,81,0.432,3,17,0.176,17,22,0.773,8,40,48,14,6,3,10,16,5.0
42013,1610612745,HOU,Houston Rockets,0041300171,2014-04-20,HOU vs. POR,L,264,120,43,105,0.41,8,35,0.229,26,40,0.65,22,37,59,16,5,7,12,33,-2.0
42013,1610612748,MIA,Miami Heat,0041300111,2014-04-20,MIA vs. CHA,W,241,99,35,76,0.461,11,23,0.478,18,26,0.692,6,32,38,14,5,3,7,12,11.0
42013,1610612742,DAL,Dallas Mavericks,0041300141,2014-04-20,DAL @ SAS,L,239,85,35,85,0.412,6,18,0.333,9,13,0.692,9,31,40,15,5,5,8,19,-5.0
42013,1610612741,CHI,Chicago Bulls,0041300131,2014-04-20,CHI vs. WAS,L,240,93,34,81,0.42,5,20,0.25,20,26,0.769,13,26,39,13,5,3,8,25,-9.0
42013,1610612764,WAS,Washington Wizards,0041300131,2014-04-20,WAS @ CHI,W,242,102,36,74,0.486,4,11,0.364,26,35,0.743,9,36,45,21,5,5,10,26,9.0
42013,1610612744,GSW,Golden State Warriors,0041300161,2014-04-19,GSW @ LAC,W,241,109,40,90,0.444,11,27,0.407,18,25,0.72,15,33,48,26,5,6,21,27,4.0
42013,1610612760,OKC,Oklahoma City Thunder,0041300151,2014-04-19,OKC vs. MEM,W,240,100,34,76,0.447,4,16,0.25,28,32,0.875,7,44,51,22,3,10,12,25,14.0
42013,1612709910,FWN,Fort Wayne Mad Ants,2041300202,2014-04-19,FWN vs. SXF,W,240,126,47,89,0.528,10,24,0.417,22,29,0.759,14,32,46,22,7,2,21,26,8.0
42013,1612709902,SCW,Santa Cruz Warriors,2041300212,2014-04-19,SCW @ RGV,L,241,113,44,93,0.473,12,35,0.343,13,20,0.65,12,42,54,31,5,3,23,28,-23.0
42013,1612709904,SXF,Sioux Falls Skyforce,2041300202,2014-04-19,SXF @ FWN,L,239,118,43,85,0.506,9,33,0.273,23,31,0.742,8,27,35,22,6,4,17,21,-8.0
42013,1610612751,BKN,Brooklyn Nets,0041300121,2014-04-19,BKN @ TOR,W,241,94,34,80,0.425,4,24,0.167,22,27,0.815,7,30,37,16,9,2,8,19,7.0
42013,1610612754,IND,Indiana Pacers,0041300101,2014-04-19,IND vs. ATL,L,240,93,34,81,0.42,9,21,0.429,16,23,0.696,14,32,46,19,8,4,15,29,-8.0
42013,1612709908,RGV,Rio Grande Valley Vipers,2041300212,2014-04-19,RGV vs. SCW,W,240,136,48,103,0.466,17,52,0.327,23,32,0.719,13,37,50,32,14,11,8,16,23.0
42013,1610612746,LAC,Los Angeles Clippers,0041300161,2014-04-19,LAC vs. GSW,L,239,105,36,85,0.424,10,22,0.455,23,35,0.657,16,26,42,24,13,7,17,24,-4.0
42013,1610612763,MEM,Memphis Grizzlies,0041300151,2014-04-19,MEM @ OKC,L,240,86,33,91,0.363,2,11,0.182,18,31,0.581,13,28,41,20,7,4,6,24,-14.0
42013,1610612737,ATL,Atlanta Hawks,0041300101,2014-04-19,ATL @ IND,W,240,101,33,76,0.434,11,30,0.367,24,29,0.828,9,33,42,13,6,7,12,20,8.0
42013,1610612761,TOR,Toronto Raptors,0041300121,2014-04-19,TOR vs. BKN,L,239,87,28,71,0.394,8,23,0.348,23,25,0.92,8,37,45,22,3,4,17,23,-7.0
42013,1612709904,SXF,Sioux Falls Skyforce,2041300201,2014-04-17,SXF vs. FWN,L,241,111,39,84,0.464,11,29,0.379,22,27,0.815,9,26,35,24,12,4,21,28,-2.0
42013,1612709902,SCW,Santa Cruz Warriors,2041300211,2014-04-17,SCW vs. RGV,W,239,135,51,98,0.52,10,30,0.333,23,26,0.885,21,38,59,31,14,9,15,20,31.0
42013,1612709910,FWN,Fort Wayne Mad Ants,2041300201,2014-04-17,FWN @ SXF,W,240,113,41,74,0.554,7,23,0.304,24,32,0.75,8,33,41,29,13,3,21,28,2.0
42013,1612709908,RGV,Rio Grande Valley Vipers,2041300211,2014-04-17,RGV @ SCW,L,238,104,41,96,0.427,11,38,0.289,11,16,0.688,17,24,41,21,8,2,19,20,-31.0
22013,1610612751,BKN,Brooklyn Nets,0021301224,2014-04-16,BKN @ CLE,L,240,85,30,79,0.38,8,25,0.32,17,23,0.739,6,30,36,21,9,1,15,16,-29.0
22013,1610612750,MIN,Minnesota Timberwolves,0021301218,2014-04-16,MIN vs. UTA,L,292,130,40,97,0.412,8,25,0.32,42,54,0.778,13,32,45,24,12,5,15,24,-6.0
22013,1610612755,PHI,Philadelphia 76ers,0021301225,2014-04-16,PHI @ MIA,W,239,100,38,74,0.514,10,23,0.435,14,16,0.875,5,30,35,24,15,5,18,22,13.0
22013,1610612759,SAS,San Antonio Spurs,0021301221,2014-04-16,SAS vs. LAL,L,241,100,41,99,0.414,10,30,0.333,8,10,0.8,10,39,49,25,3,6,9,19,-13.0
22013,1610612743,DEN,Denver Nuggets,0021301230,2014-04-16,DEN vs. GSW,L,241,112,37,84,0.44,9,34,0.265,29,35,0.829,9,33,42,23,4,4,19,28,-4.0
22013,1610612765,DET,Detroit Pistons,0021301220,2014-04-16,DET @ OKC,L,240,111,42,83,0.506,8,19,0.421,19,31,0.613,15,26,41,20,6,3,17,28,-1.0
22013,1610612739,CLE,Cleveland Cavaliers,0021301224,2014-04-16,CLE vs. BKN,W,239,114,46,87,0.529,8,20,0.4,14,17,0.824,13,38,51,32,10,7,12,18,29.0
22013,1610612763,MEM,Memphis Grizzlies,0021301216,2014-04-16,MEM vs. DAL,W,264,106,43,88,0.489,5,20,0.25,15,25,0.6,20,28,48,25,7,1,17,16,1.0
22013,1610612746,LAC,Los Angeles Clippers,0021301228,2014-04-16,LAC @ POR,L,240,104,34,84,0.405,8,34,0.235,28,33,0.848,8,34,42,20,4,4,8,20,-6.0
22013,1610612766,CHA,Charlotte Bobcats,0021301223,2014-04-16,CHA vs. CHI,W,265,91,34,85,0.4,5,21,0.238,18,26,0.692,12,41,53,23,8,7,9,14,5.0
22013,1610612740,NOP,New Orleans Pelicans,0021301219,2014-04-16,NOP vs. HOU,W,238,105,43,82,0.524,6,12,0.5,13,20,0.65,11,31,42,24,10,10,8,18,5.0
22013,1610612764,WAS,Washington Wizards,0021301222,2014-04-16,WAS @ BOS,W,241,118,50,88,0.568,6,18,0.333,12,17,0.706,6,30,36,26,6,2,12,20,16.0
22013,1610612747,LAL,Los Angeles Lakers,0021301221,2014-04-16,LAL @ SAS,W,241,113,45,91,0.495,11,27,0.407,12,17,0.706,6,44,50,29,4,2,9,17,13.0
22013,1610612749,MIL,Milwaukee Bucks,0021301217,2014-04-16,MIL vs. ATL,L,240,103,40,77,0.519,7,18,0.389,16,21,0.762,11,32,43,25,5,5,20,21,-8.0
22013,1610612741,CHI,Chicago Bulls,0021301223,2014-04-16,CHI @ CHA,L,266,86,34,86,0.395,8,22,0.364,10,15,0.667,6,38,44,21,7,4,11,22,-5.0
22013,1610612748,MIA,Miami Heat,0021301225,2014-04-16,MIA vs. PHI,L,241,87,30,73,0.411,10,30,0.333,17,22,0.773,9,25,34,16,8,2,19,16,-13.0
22013,1610612744,GSW,Golden State Warriors,0021301230,2014-04-16,GSW @ DEN,W,241,116,44,90,0.489,8,23,0.348,20,35,0.571,11,34,45,27,12,4,14,23,4.0
22013,1610612757,POR,Portland Trail Blazers,0021301228,2014-04-16,POR vs. LAC,W,240,110,42,101,0.416,10,26,0.385,16,22,0.727,24,41,65,29,5,2,10,23,6.0
22013,1610612737,ATL,Atlanta Hawks,0021301217,2014-04-16,ATL @ MIL,W,238,111,41,76,0.539,8,24,0.333,21,26,0.808,4,26,30,29,13,2,12,18,8.0
22013,1610612754,IND,Indiana Pacers,0021301227,2014-04-16,IND @ ORL,W,238,101,41,88,0.466,11,23,0.478,8,11,0.727,15,37,52,26,5,2,12,17,15.0
22013,1610612753,ORL,Orlando Magic,0021301227,2014-04-16,ORL vs. IND,L,240,86,32,79,0.405,5,15,0.333,17,24,0.708,9,31,40,14,9,5,10,16,-15.0
22013,1610612752,NYK,New York Knicks,0021301226,2014-04-16,NYK vs. TOR,W,240,95,37,81,0.457,8,17,0.471,13,19,0.684,11,25,36,13,12,6,16,23,3.0
22013,1610612762,UTA,Utah Jazz,0021301218,2014-04-16,UTA @ MIN,W,291,136,53,108,0.491,6,24,0.25,24,29,0.828,22,38,60,30,10,9,18,34,6.0
22013,1610612761,TOR,Toronto Raptors,0021301226,2014-04-16,TOR @ NYK,L,240,92,36,80,0.45,9,29,0.31,11,18,0.611,12,36,48,20,9,2,24,20,-3.0
22013,1610612760,OKC,Oklahoma City Thunder,0021301220,2014-04-16,OKC vs. DET,W,241,112,38,86,0.442,5,23,0.217,31,41,0.756,24,25,49,23,10,7,15,22,1.0
22013,1610612738,BOS,Boston Celtics,0021301222,2014-04-16,BOS vs. WAS,L,240,102,39,84,0.464,7,30,0.233,17,23,0.739,11,26,37,24,8,1,13,16,-16.0
22013,1610612756,PHX,Phoenix Suns,0021301229,2014-04-16,PHX @ SAC,W,241,104,40,86,0.465,8,20,0.4,16,22,0.727,7,33,40,16,9,5,11,21,5.0
22013,1610612758,SAC,Sacramento Kings,0021301229,2014-04-16,SAC vs. PHX,L,240,99,37,86,0.43,4,19,0.211,21,30,0.7,13,41,54,19,8,3,17,20,-5.0
22013,1610612742,DAL,Dallas Mavericks,0021301216,2014-04-16,DAL @ MEM,L,265,105,44,92,0.478,8,30,0.267,9,11,0.818,15,24,39,22,11,4,13,23,-1.0
22013,1610612745,HOU,Houston Rockets,0021301219,2014-04-16,HOU @ NOP,L,240,100,35,81,0.432,14,30,0.467,16,24,0.667,13,28,41,23,3,4,14,16,-5.0
22013,1610612751,BKN,Brooklyn Nets,0021301214,2014-04-15,BKN vs. NYK,L,241,98,33,75,0.44,10,25,0.4,22,31,0.71,12,26,38,25,10,1,19,26,-11.0
22013,1610612752,NYK,New York Knicks,0021301214,2014-04-15,NYK @ BKN,W,240,109,32,67,0.478,11,21,0.524,34,40,0.85,8,28,36,15,11,5,16,28,11.0
22013,1610612743,DEN,Denver Nuggets,0021301215,2014-04-15,DEN @ LAC,L,240,105,35,82,0.427,8,29,0.276,27,30,0.9,13,30,43,20,10,4,19,26,-12.0
22013,1610612746,LAC,Los Angeles Clippers,0021301215,2014-04-15,LAC vs. DEN,W,239,117,44,83,0.53,9,24,0.375,20,30,0.667,7,34,41,29,11,4,15,21,12.0
22013,1610612747,LAL,Los Angeles Lakers,0021301211,2014-04-14,LAL @ UTA,W,240,119,45,82,0.549,10,24,0.417,19,22,0.864,9,27,36,31,11,6,13,16,15.0
22013,1610612740,NOP,New Orleans Pelicans,0021301210,2014-04-14,NOP vs. OKC,W,241,101,35,79,0.443,9,29,0.31,22,30,0.733,10,29,39,19,8,5,10,18,12.0
22013,1610612750,MIN,Minnesota Timberwolves,0021301213,2014-04-14,MIN @ GSW,L,241,120,43,81,0.531,8,15,0.533,26,33,0.788,10,33,43,37,7,3,21,16,-10.0
22013,1610612755,PHI,Philadelphia 76ers,0021301204,2014-04-14,PHI vs. BOS,W,240,113,43,79,0.544,3,12,0.25,24,38,0.632,9,33,42,25,10,8,14,21,5.0
22013,1610612745,HOU,Houston Rockets,0021301209,2014-04-14,HOU vs. SAS,W,240,104,38,85,0.447,4,22,0.182,24,29,0.828,11,39,50,18,4,2,6,16,6.0
22013,1610612749,MIL,Milwaukee Bucks,0021301205,2014-04-14,MIL @ TOR,L,241,100,38,73,0.521,6,10,0.6,18,26,0.692,6,26,32,21,7,3,16,21,-10.0
42013,1612709911,IWA,Iowa Energy,2041300123,2014-04-14,IWA vs. RGV,L,240,126,47,94,0.5,15,36,0.417,17,30,0.567,9,42,51,24,6,4,17,24,-5.0
22013,1610612763,MEM,Memphis Grizzlies,0021301212,2014-04-14,MEM @ PHX,W,239,97,40,77,0.519,6,15,0.4,11,15,0.733,10,32,42,20,5,1,17,18,6.0
22013,1610612766,CHA,Charlotte Bobcats,0021301207,2014-04-14,CHA @ ATL,W,238,95,35,80,0.438,6,25,0.24,19,31,0.613,12,36,48,27,3,2,9,20,2.0
42013,1612709904,SXF,Sioux Falls Skyforce,2041300133,2014-04-14,SXF vs. CTN,W,240,105,36,71,0.507,7,20,0.35,26,33,0.788,5,25,30,24,13,6,15,23,7.0
22013,1610612760,OKC,Oklahoma City Thunder,0021301210,2014-04-14,OKC @ NOP,L,239,89,31,77,0.403,9,32,0.281,18,22,0.818,11,32,43,21,6,4,16,22,-12.0
22013,1610612753,ORL,Orlando Magic,0021301208,2014-04-14,ORL @ CHI,L,240,95,36,72,0.5,7,15,0.467,16,19,0.842,4,28,32,26,4,6,16,27,-13.0
22013,1610612737,ATL,Atlanta Hawks,0021301207,2014-04-14,ATL vs. CHA,L,241,93,34,79,0.43,8,30,0.267,17,23,0.739,5,34,39,27,6,3,6,21,-2.0
22013,1610612738,BOS,Boston Celtics,0021301204,2014-04-14,BOS @ PHI,L,240,108,40,86,0.465,9,24,0.375,19,26,0.731,12,28,40,26,8,4,17,23,-5.0
22013,1610612759,SAS,San Antonio Spurs,0021301209,2014-04-14,SAS @ HOU,L,241,98,39,89,0.438,4,17,0.235,16,18,0.889,8,35,43,24,3,2,6,23,-6.0
22013,1610612748,MIA,Miami Heat,0021301206,2014-04-14,MIA @ WAS,L,241,93,36,80,0.45,7,27,0.259,14,16,0.875,5,26,31,23,11,3,12,15,-21.0
42013,1612709908,RGV,Rio Grande Valley Vipers,2041300123,2014-04-14,RGV @ IWA,W,241,131,46,102,0.451,13,37,0.351,26,36,0.722,17,36,53,21,10,6,11,24,5.0
22013,1610612761,TOR,Toronto Raptors,0021301205,2014-04-14,TOR vs. MIL,W,241,110,38,81,0.469,14,32,0.438,20,26,0.769,15,31,46,25,11,0,13,22,10.0
22013,1610612762,UTA,Utah Jazz,0021301211,2014-04-14,UTA vs. LAL,L,239,104,42,81,0.519,6,19,0.316,14,20,0.7,9,28,37,25,5,4,18,16,-15.0
22013,1610612744,GSW,Golden State Warriors,0021301213,2014-04-14,GSW vs. MIN,W,238,130,49,101,0.485,15,37,0.405,17,19,0.895,19,32,51,31,13,4,15,27,10.0
42013,1612709893,CTN,Canton Charge,2041300133,2014-04-14,CTN @ SXF,L,239,98,34,72,0.472,6,25,0.24,24,31,0.774,11,30,41,23,7,1,20,29,-7.0
22013,1610612764,WAS,Washington Wizards,0021301206,2014-04-14,WAS vs. MIA,W,240,114,46,78,0.59,14,29,0.483,8,15,0.533,8,34,42,36,9,3,17,19,21.0
22013,1610612741,CHI,Chicago Bulls,0021301208,2014-04-14,CHI vs. ORL,W,242,108,39,77,0.506,5,13,0.385,25,32,0.781,8,28,36,27,8,3,8,19,13.0
22013,1610612756,PHX,Phoenix Suns,0021301212,2014-04-14,PHX vs. MEM,L,240,91,38,80,0.475,5,26,0.192,10,14,0.714,8,22,30,15,12,6,12,20,-6.0
42013,1612709910,FWN,Fort Wayne Mad Ants,2041300102,2014-04-13,FWN vs. RNO,W,240,115,43,98,0.439,4,16,0.25,25,42,0.595,24,28,52,30,19,3,13,24,22.0
22013,1610612752,NYK,New York Knicks,0021301197,2014-04-13,NYK vs. CHI,W,241,100,37,81,0.457,9,25,0.36,17,21,0.81,7,29,36,16,9,5,9,25,11.0
22013,1610612757,POR,Portland Trail Blazers,0021301201,2014-04-13,POR vs. GSW,W,265,119,43,86,0.5,10,24,0.417,23,32,0.719,7,39,46,26,7,3,14,12,2.0
22013,1610612760,OKC,Oklahoma City Thunder,0021301200,2014-04-13,OKC @ IND,L,240,97,36,84,0.429,7,28,0.25,18,19,0.947,8,24,32,21,12,4,9,24,-5.0
22013,1610612758,SAC,Sacramento Kings,0021301202,2014-04-13,SAC vs. MIN,W,240,106,41,82,0.5,6,17,0.353,18,27,0.667,8,39,47,25,6,6,15,23,3.0
42013,1612709914,RNO,Reno Bighorns,2041300102,2014-04-13,RNO @ FWN,L,240,93,33,77,0.429,4,22,0.182,23,31,0.742,12,30,42,11,6,3,29,32,-22.0
22013,1610612751,BKN,Brooklyn Nets,0021301199,2014-04-13,BKN vs. ORL,W,240,97,34,73,0.466,12,29,0.414,17,23,0.739,14,29,43,23,11,5,23,16,9.0
22013,1610612744,GSW,Golden State Warriors,0021301201,2014-04-13,GSW @ POR,L,263,117,44,91,0.484,17,37,0.459,12,16,0.75,6,32,38,22,10,0,14,27,-2.0
22013,1610612754,IND,Indiana Pacers,0021301200,2014-04-13,IND vs. OKC,W,240,102,38,72,0.528,9,20,0.45,17,23,0.739,10,36,46,23,3,4,21,21,5.0
22013,1610612741,CHI,Chicago Bulls,0021301197,2014-04-13,CHI @ NYK,L,239,89,29,74,0.392,6,22,0.273,25,32,0.781,12,33,45,23,4,1,16,19,-11.0
22013,1610612750,MIN,Minnesota Timberwolves,0021301202,2014-04-13,MIN @ SAC,L,238,103,35,88,0.398,7,22,0.318,26,30,0.867,10,31,41,26,6,5,10,20,-3.0
22013,1610612753,ORL,Orlando Magic,0021301199,2014-04-13,ORL @ BKN,L,239,88,35,74,0.473,8,20,0.4,10,14,0.714,8,23,31,22,13,2,19,23,-9.0
22013,1610612763,MEM,Memphis Grizzlies,0021301203,2014-04-13,MEM @ LAL,W,239,102,42,88,0.477,8,15,0.533,10,13,0.769,16,36,52,29,10,7,17,12,12.0
22013,1610612747,LAL,Los Angeles Lakers,0021301203,2014-04-13,LAL vs. MEM,L,240,90,35,80,0.438,11,27,0.407,9,11,0.818,5,27,32,29,9,5,15,15,-12.0
22013,1610612761,TOR,Toronto Raptors,0021301198,2014-04-13,TOR @ DET,W,242,116,39,81,0.481,9,23,0.391,29,35,0.829,8,32,40,22,8,6,9,35,9.0
22013,1610612765,DET,Detroit Pistons,0021301198,2014-04-13,DET vs. TOR,L,241,107,35,84,0.417,5,20,0.25,32,48,0.667,21,34,55,25,6,4,14,29,-9.0
22013,1610612743,DEN,Denver Nuggets,0021301196,2014-04-12,DEN vs. UTA,W,241,101,35,84,0.417,7,22,0.318,24,29,0.828,14,38,52,23,5,5,18,26,7.0
42013,1612709905,LAD,Los Angeles D-Fenders,2041300112,2014-04-12,LAD vs. SCW,L,241,126,47,106,0.443,14,39,0.359,18,28,0.643,17,35,52,27,9,4,10,27,-12.0
22013,1610612749,MIL,Milwaukee Bucks,0021301191,2014-04-12,MIL @ WAS,L,240,91,32,68,0.471,5,8,0.625,22,34,0.647,13,29,42,20,5,3,20,16,-13.0
22013,1610612756,PHX,Phoenix Suns,0021301195,2014-04-12,PHX @ DAL,L,240,98,36,78,0.462,8,17,0.471,18,23,0.783,12,29,41,14,16,4,18,18,-3.0
22013,1610612739,CLE,Cleveland Cavaliers,0021301193,2014-04-12,CLE vs. BOS,L,239,99,37,90,0.411,5,18,0.278,20,30,0.667,15,34,49,22,2,2,11,20,-12.0
22013,1610612758,SAC,Sacramento Kings,0021301189,2014-04-12,SAC @ LAC,L,238,101,35,82,0.427,4,9,0.444,27,33,0.818,12,26,38,21,5,4,10,26,-16.0
22013,1610612764,WAS,Washington Wizards,0021301191,2014-04-12,WAS vs. MIL,W,240,104,40,84,0.476,8,22,0.364,16,19,0.842,8,28,36,25,7,5,9,23,13.0
22013,1610612745,HOU,Houston Rockets,0021301194,2014-04-12,HOU vs. NOP,W,239,111,35,74,0.473,10,27,0.37,31,39,0.795,6,30,36,23,10,8,13,19,7.0
42013,1612709911,IWA,Iowa Energy,2041300122,2014-04-12,IWA vs. RGV,W,255,145,57,108,0.528,9,31,0.29,22,35,0.629,14,38,52,22,4,8,13,26,3.0
22013,1610612762,UTA,Utah Jazz,0021301196,2014-04-12,UTA @ DEN,L,240,94,34,79,0.43,2,13,0.154,24,32,0.75,8,31,39,20,13,6,14,23,-7.0
22013,1610612740,NOP,New Orleans Pelicans,0021301194,2014-04-12,NOP @ HOU,L,240,104,39,88,0.443,9,22,0.409,17,21,0.81,8,31,39,20,7,8,10,26,-7.0
22013,1610612766,CHA,Charlotte Bobcats,0021301190,2014-04-12,CHA vs. PHI,W,240,111,39,72,0.542,7,19,0.368,26,41,0.634,9,32,41,23,3,9,14,22,6.0
22013,1610612738,BOS,Boston Celtics,0021301193,2014-04-12,BOS @ CLE,W,240,111,42,90,0.467,12,30,0.4,15,18,0.833,7,40,47,27,5,5,9,24,12.0
22013,1610612737,ATL,Atlanta Hawks,0021301192,2014-04-12,ATL vs. MIA,W,242,98,36,78,0.462,10,22,0.455,16,19,0.842,5,33,38,24,13,2,12,22,13.0
42013,1612709902,SCW,Santa Cruz Warriors,2041300112,2014-04-12,SCW @ LAD,W,239,138,49,93,0.527,13,30,0.433,27,36,0.75,13,46,59,28,6,4,13,21,12.0
42013,1612709904,SXF,Sioux Falls Skyforce,2041300132,2014-04-12,SXF vs. CTN,W,240,86,27,73,0.37,10,22,0.455,22,29,0.759,8,21,29,18,6,6,11,24,4.0
42013,1612709908,RGV,Rio Grande Valley Vipers,2041300122,2014-04-12,RGV @ IWA,L,256,142,47,103,0.456,19,46,0.413,29,36,0.806,17,33,50,25,8,6,16,27,-3.0
22013,1610612742,DAL,Dallas Mavericks,0021301195,2014-04-12,DAL vs. PHX,W,239,101,39,79,0.494,11,24,0.458,12,15,0.8,9,33,42,21,11,5,19,18,3.0
42013,1612709893,CTN,Canton Charge,2041300132,2014-04-12,CTN @ SXF,L,241,82,26,60,0.433,3,18,0.167,27,40,0.675,14,38,52,10,3,6,27,24,-4.0
22013,1610612755,PHI,Philadelphia 76ers,0021301190,2014-04-12,PHI @ CHA,L,240,105,41,93,0.441,5,25,0.2,18,26,0.692,11,29,40,18,8,1,9,30,-6.0
22013,1610612746,LAC,Los Angeles Clippers,0021301189,2014-04-12,LAC vs. SAC,W,240,117,41,81,0.506,9,19,0.474,26,36,0.722,10,33,43,31,6,8,11,26,16.0
22013,1610612748,MIA,Miami Heat,0021301192,2014-04-12,MIA @ ATL,L,240,85,35,73,0.479,6,25,0.24,9,19,0.474,6,38,44,18,5,5,20,20,-13.0
22013,1610612751,BKN,Brooklyn Nets,0021301179,2014-04-11,BKN vs. ATL,L,240,88,34,80,0.425,6,22,0.273,14,25,0.56,9,29,38,22,9,3,14,21,-5.0
22013,1610612738,BOS,Boston Celtics,0021301178,2014-04-11,BOS vs. CHA,W,239,106,41,79,0.519,11,23,0.478,13,13,1.0,7,30,37,22,7,3,20,16,3.0
22013,1610612766,CHA,Charlotte Bobcats,0021301178,2014-04-11,CHA @ BOS,L,240,103,44,87,0.506,7,18,0.389,8,12,0.667,7,27,34,33,12,4,12,20,-3.0
22013,1610612763,MEM,Memphis Grizzlies,0021301182,2014-04-11,MEM vs. PHI,W,241,117,44,81,0.543,5,13,0.385,24,32,0.75,10,39,49,28,8,8,16,15,22.0
42013,1612709914,RNO,Reno Bighorns,2041300101,2014-04-11,RNO vs. FWN,L,241,96,34,73,0.466,7,18,0.389,21,26,0.808,11,30,41,16,9,2,20,25,-1.0
22013,1610612760,OKC,Oklahoma City Thunder,0021301184,2014-04-11,OKC vs. NOP,W,242,116,44,82,0.537,5,13,0.385,23,27,0.852,8,39,47,28,8,12,11,21,22.0
22013,1610612749,MIL,Milwaukee Bucks,0021301185,2014-04-11,MIL vs. CLE,W,241,119,44,84,0.524,6,16,0.375,25,38,0.658,14,27,41,20,5,4,11,22,3.0
22013,1610612739,CLE,Cleveland Cavaliers,0021301185,2014-04-11,CLE @ MIL,L,240,116,42,85,0.494,4,20,0.2,28,35,0.8,11,29,40,18,11,4,10,27,-3.0
22013,1610612744,GSW,Golden State Warriors,0021301188,2014-04-11,GSW @ LAL,W,240,112,45,92,0.489,13,25,0.52,9,13,0.692,12,45,57,27,12,5,17,17,17.0
22013,1610612756,PHX,Phoenix Suns,0021301186,2014-04-11,PHX @ SAS,L,241,104,39,82,0.476,9,26,0.346,17,19,0.895,10,38,48,18,7,1,18,17,-8.0
22013,1610612747,LAL,Los Angeles Lakers,0021301188,2014-04-11,LAL vs. GSW,L,240,95,35,89,0.393,9,28,0.321,16,20,0.8,8,34,42,23,10,2,15,12,-17.0
22013,1610612737,ATL,Atlanta Hawks,0021301179,2014-04-11,ATL @ BKN,W,239,93,36,79,0.456,1,19,0.053,20,21,0.952,9,35,44,17,5,9,12,20,5.0
22013,1610612745,HOU,Houston Rockets,0021301183,2014-04-11,HOU @ MIN,L,238,110,36,83,0.434,11,25,0.44,27,36,0.75,15,37,52,22,12,4,20,32,-2.0
22013,1610612759,SAS,San Antonio Spurs,0021301186,2014-04-11,SAS vs. PHX,W,241,112,43,96,0.448,13,30,0.433,13,16,0.813,11,31,42,24,10,5,7,15,8.0
22013,1610612752,NYK,New York Knicks,0021301177,2014-04-11,NYK @ TOR,W,240,108,35,73,0.479,6,24,0.25,32,36,0.889,7,32,39,16,6,3,8,24,8.0
22013,1610612765,DET,Detroit Pistons,0021301181,2014-04-11,DET @ CHI,L,241,98,40,86,0.465,5,17,0.294,13,23,0.565,15,30,45,12,7,2,11,21,-8.0
22013,1610612740,NOP,New Orleans Pelicans,0021301184,2014-04-11,NOP @ OKC,L,240,94,35,86,0.407,9,18,0.5,15,19,0.789,8,27,35,24,4,4,12,20,-22.0
22013,1610612757,POR,Portland Trail Blazers,0021301187,2014-04-11,POR @ UTA,W,240,111,40,87,0.46,11,22,0.5,20,24,0.833,9,32,41,23,7,3,8,12,12.0
22013,1610612755,PHI,Philadelphia 76ers,0021301182,2014-04-11,PHI @ MEM,L,242,95,39,88,0.443,6,18,0.333,11,17,0.647,8,28,36,16,14,3,15,26,-22.0
22013,1610612761,TOR,Toronto Raptors,0021301177,2014-04-11,TOR vs. NYK,L,240,100,30,76,0.395,15,33,0.455,25,31,0.806,14,28,42,16,2,4,14,24,-8.0
22013,1610612764,WAS,Washington Wizards,0021301176,2014-04-11,WAS @ ORL,W,240,96,35,82,0.427,2,19,0.105,24,33,0.727,13,31,44,24,7,4,12,19,10.0
22013,1610612741,CHI,Chicago Bulls,0021301181,2014-04-11,CHI vs. DET,W,241,106,40,81,0.494,5,19,0.263,21,23,0.913,9,30,39,27,6,7,11,19,8.0
22013,1610612762,UTA,Utah Jazz,0021301187,2014-04-11,UTA vs. POR,L,240,99,40,86,0.465,6,13,0.462,13,16,0.813,13,34,47,26,3,4,13,19,-12.0
22013,1610612753,ORL,Orlando Magic,0021301176,2014-04-11,ORL vs. WAS,L,239,86,32,77,0.416,4,19,0.211,18,24,0.75,10,32,42,21,9,5,16,31,-10.0
22013,1610612748,MIA,Miami Heat,0021301180,2014-04-11,MIA vs. IND,W,241,98,35,75,0.467,6,16,0.375,22,28,0.786,11,29,40,14,10,4,9,22,12.0
22013,1610612754,IND,Indiana Pacers,0021301180,2014-04-11,IND @ MIA,L,242,86,31,65,0.477,8,14,0.571,16,19,0.842,5,26,31,20,5,3,16,23,-12.0
42013,1612709910,FWN,Fort Wayne Mad Ants,2041300101,2014-04-11,FWN @ RNO,W,241,97,37,86,0.43,4,21,0.19,19,24,0.792,13,27,40,11,11,6,12,24,1.0
22013,1610612750,MIN,Minnesota Timberwolves,0021301183,2014-04-11,MIN vs. HOU,W,240,112,41,94,0.436,3,12,0.25,27,40,0.675,18,32,50,22,13,8,15,25,2.0
42013,1612709905,LAD,Los Angeles D-Fenders,2041300111,2014-04-10,LAD @ SCW,L,240,127,52,106,0.491,9,30,0.3,14,24,0.583,22,23,45,25,16,5,17,24,-13.0
42013,1612709904,SXF,Sioux Falls Skyforce,2041300131,2014-04-10,SXF @ CTN,L,240,86,37,81,0.457,3,18,0.167,9,16,0.563,4,19,23,14,13,4,9,17,-13.0
42013,1612709893,CTN,Canton Charge,2041300131,2014-04-10,CTN vs. SXF,W,240,99,39,71,0.549,6,18,0.333,15,21,0.714,12,40,52,25,6,4,23,14,13.0
22013,1610612744,GSW,Golden State Warriors,0021301175,2014-04-10,GSW vs. DEN,L,242,99,40,88,0.455,6,23,0.261,13,15,0.867,6,32,38,19,9,4,13,17,-1.0
42013,1612709902,SCW,Santa Cruz Warriors,2041300111,2014-04-10,SCW vs. LAD,W,239,140,51,91,0.56,14,34,0.412,24,34,0.706,16,35,51,26,8,5,20,17,13.0
22013,1610612759,SAS,San Antonio Spurs,0021301174,2014-04-10,SAS @ DAL,W,241,109,38,88,0.432,16,34,0.471,17,22,0.773,15,33,48,22,9,1,12,22,9.0
22013,1610612743,DEN,Denver Nuggets,0021301175,2014-04-10,DEN @ GSW,W,239,100,39,104,0.375,10,34,0.294,12,19,0.632,25,38,63,23,9,5,16,18,1.0
22013,1610612742,DAL,Dallas Mavericks,0021301174,2014-04-10,DAL vs. SAS,L,240,100,39,83,0.47,5,12,0.417,17,21,0.81,8,34,42,16,5,5,10,17,-9.0
22013,1610612749,MIL,Milwaukee Bucks,0021301168,2014-04-09,MIL vs. IND,L,239,102,38,87,0.437,4,16,0.25,22,29,0.759,14,34,48,21,6,5,11,20,-2.0
22013,1610612738,BOS,Boston Celtics,0021301166,2014-04-09,BOS @ ATL,L,240,97,37,84,0.44,12,26,0.462,11,14,0.786,11,28,39,25,7,3,14,22,-8.0
22013,1610612756,PHX,Phoenix Suns,0021301170,2014-04-09,PHX @ NOP,W,241,94,39,80,0.488,9,19,0.474,7,10,0.7,6,32,38,23,5,6,12,18,6.0
22013,1610612757,POR,Portland Trail Blazers,0021301172,2014-04-09,POR vs. SAC,W,241,100,38,75,0.507,7,23,0.304,17,22,0.773,5,38,43,26,4,4,18,19,1.0
22013,1610612743,DEN,Denver Nuggets,0021301171,2014-04-09,DEN vs. HOU,W,239,123,50,101,0.495,11,28,0.393,12,14,0.857,10,34,44,31,10,8,11,21,7.0
22013,1610612763,MEM,Memphis Grizzlies,0021301167,2014-04-09,MEM vs. MIA,W,239,107,43,78,0.551,7,20,0.35,14,21,0.667,12,29,41,23,10,6,14,19,5.0
22013,1610612766,CHA,Charlotte Bobcats,0021301165,2014-04-09,CHA @ WAS,W,265,94,35,92,0.38,11,25,0.44,13,15,0.867,9,39,48,23,7,1,12,17,6.0
22013,1610612760,OKC,Oklahoma City Thunder,0021301173,2014-04-09,OKC @ LAC,W,241,107,38,90,0.422,5,21,0.238,26,32,0.813,11,33,44,18,8,8,8,24,6.0
22013,1610612739,CLE,Cleveland Cavaliers,0021301162,2014-04-09,CLE vs. DET,W,240,122,53,93,0.57,11,26,0.423,5,9,0.556,13,34,47,41,8,6,15,24,22.0
22013,1610612750,MIN,Minnesota Timberwolves,0021301169,2014-04-09,MIN vs. CHI,L,240,87,34,80,0.425,4,17,0.235,15,16,0.938,11,29,40,16,5,5,12,14,-15.0
22013,1610612748,MIA,Miami Heat,0021301167,2014-04-09,MIA @ MEM,L,240,102,38,73,0.521,15,25,0.6,11,12,0.917,6,21,27,24,11,2,15,17,-5.0
22013,1610612765,DET,Detroit Pistons,0021301162,2014-04-09,DET @ CLE,L,240,100,34,96,0.354,9,28,0.321,23,32,0.719,21,25,46,19,10,2,15,12,-22.0
22013,1610612746,LAC,Los Angeles Clippers,0021301173,2014-04-09,LAC vs. OKC,L,240,101,36,86,0.419,8,27,0.296,21,34,0.618,15,37,52,23,7,5,16,22,-6.0
22013,1610612745,HOU,Houston Rockets,0021301171,2014-04-09,HOU @ DEN,L,241,116,40,92,0.435,15,40,0.375,21,25,0.84,12,35,47,28,9,5,15,20,-7.0
22013,1610612740,NOP,New Orleans Pelicans,0021301170,2014-04-09,NOP vs. PHX,L,239,88,34,80,0.425,6,14,0.429,14,17,0.824,8,34,42,25,6,5,12,17,-6.0
22013,1610612764,WAS,Washington Wizards,0021301165,2014-04-09,WAS vs. CHA,L,264,88,37,82,0.451,1,15,0.067,13,20,0.65,7,38,45,23,7,9,12,15,-6.0
22013,1610612754,IND,Indiana Pacers,0021301168,2014-04-09,IND @ MIL,W,239,104,41,85,0.482,11,24,0.458,11,19,0.579,8,33,41,26,4,5,11,24,2.0
22013,1610612737,ATL,Atlanta Hawks,0021301166,2014-04-09,ATL vs. BOS,W,240,105,40,76,0.526,9,23,0.391,16,22,0.727,8,35,43,30,7,5,14,14,8.0
22013,1610612758,SAC,Sacramento Kings,0021301172,2014-04-09,SAC @ POR,L,241,99,39,91,0.429,5,11,0.455,16,22,0.727,14,31,45,19,10,2,11,19,-1.0
22013,1610612755,PHI,Philadelphia 76ers,0021301164,2014-04-09,PHI @ TOR,L,240,114,44,85,0.518,8,21,0.381,18,21,0.857,9,27,36,20,2,5,8,25,-11.0
22013,1610612753,ORL,Orlando Magic,0021301163,2014-04-09,ORL vs. BKN,W,241,115,43,77,0.558,11,24,0.458,18,30,0.6,11,30,41,26,10,5,14,24,4.0
22013,1610612741,CHI,Chicago Bulls,0021301169,2014-04-09,CHI @ MIN,W,240,102,41,82,0.5,11,21,0.524,9,12,0.75,9,28,37,29,4,8,13,18,15.0
22013,1610612761,TOR,Toronto Raptors,0021301164,2014-04-09,TOR vs. PHI,W,239,125,41,82,0.5,12,25,0.48,31,37,0.838,10,25,35,25,2,7,7,16,11.0
22013,1610612751,BKN,Brooklyn Nets,0021301163,2014-04-09,BKN @ ORL,L,241,111,38,79,0.481,10,29,0.345,25,34,0.735,13,28,41,22,7,0,13,23,-4.0
22013,1610612758,SAC,Sacramento Kings,0021301160,2014-04-08,SAC vs. OKC,L,239,92,34,82,0.415,3,14,0.214,21,28,0.75,13,31,44,13,5,4,9,18,-15.0
22013,1610612751,BKN,Brooklyn Nets,0021301158,2014-04-08,BKN @ MIA,W,239,88,36,68,0.529,9,23,0.391,7,14,0.5,4,31,35,13,9,7,15,14,1.0
22013,1610612747,LAL,Los Angeles Lakers,0021301161,2014-04-08,LAL vs. HOU,L,241,130,44,95,0.463,14,32,0.438,28,35,0.8,5,28,33,38,8,7,11,20,-15.0
22013,1610612750,MIN,Minnesota Timberwolves,0021300275,2014-04-08,MIN vs. SAS,W,240,110,42,91,0.462,5,15,0.333,21,26,0.808,16,36,52,23,9,3,15,18,19.0
42013,1612709911,IWA,Iowa Energy,2041300121,2014-04-08,IWA @ RGV,L,240,135,51,100,0.51,12,31,0.387,21,25,0.84,12,32,44,21,7,4,14,20,-11.0
22013,1610612742,DAL,Dallas Mavericks,0021301159,2014-04-08,DAL @ UTA,W,239,95,40,72,0.556,9,23,0.391,6,11,0.545,6,30,36,24,3,5,9,12,12.0
22013,1610612745,HOU,Houston Rockets,0021301161,2014-04-08,HOU @ LAL,W,241,145,56,97,0.577,11,26,0.423,22,28,0.786,12,46,58,33,8,9,14,22,15.0
22013,1610612760,OKC,Oklahoma City Thunder,0021301160,2014-04-08,OKC @ SAC,W,239,107,38,80,0.475,12,22,0.545,19,27,0.704,10,29,39,23,5,4,6,23,15.0
22013,1610612765,DET,Detroit Pistons,0021300677,2014-04-08,DET @ ATL,W,241,102,37,86,0.43,6,17,0.353,22,32,0.688,16,37,53,14,13,4,15,20,7.0
22013,1610612762,UTA,Utah Jazz,0021301159,2014-04-08,UTA vs. DAL,L,239,83,36,87,0.414,4,24,0.167,7,13,0.538,23,24,47,16,7,3,9,15,-12.0
22013,1610612737,ATL,Atlanta Hawks,0021300677,2014-04-08,ATL vs. DET,L,241,95,34,89,0.382,9,35,0.257,18,24,0.75,17,31,48,26,9,5,16,23,-7.0
22013,1610612759,SAS,San Antonio Spurs,0021300275,2014-04-08,SAS @ MIN,L,241,91,36,81,0.444,4,17,0.235,15,25,0.6,11,26,37,19,8,7,16,22,-19.0
42013,1612709908,RGV,Rio Grande Valley Vipers,2041300121,2014-04-08,RGV vs. IWA,W,239,146,57,106,0.538,18,46,0.391,14,20,0.7,12,34,46,29,7,6,14,18,11.0
22013,1610612748,MIA,Miami Heat,0021301158,2014-04-08,MIA vs. BKN,L,239,87,33,69,0.478,7,24,0.292,14,19,0.737,6,28,34,17,9,3,13,15,-1.0
22013,1610612742,DAL,Dallas Mavericks,0021301151,2014-04-06,DAL @ SAC,W,239,93,36,89,0.404,13,31,0.419,8,14,0.571,16,29,45,23,7,5,10,16,2.0
22013,1610612748,MIA,Miami Heat,0021301149,2014-04-06,MIA vs. NYK,W,241,102,34,61,0.557,12,27,0.444,22,30,0.733,7,28,35,22,6,0,16,17,11.0
22013,1610612743,DEN,Denver Nuggets,0021301153,2014-04-06,DEN @ HOU,L,264,125,51,107,0.477,14,31,0.452,9,13,0.692,15,39,54,28,8,8,21,24,-5.0
22013,1610612759,SAS,San Antonio Spurs,0021301154,2014-04-06,SAS vs. MEM,W,240,112,43,77,0.558,9,22,0.409,17,18,0.944,6,34,40,27,7,3,15,16,20.0
22013,1610612756,PHX,Phoenix Suns,0021301156,2014-04-06,PHX vs. OKC,W,239,122,45,77,0.584,11,23,0.478,21,31,0.677,5,31,36,17,6,2,12,24,7.0
22013,1610612737,ATL,Atlanta Hawks,0021301152,2014-04-06,ATL @ IND,W,239,107,41,73,0.562,12,27,0.444,13,17,0.765,5,35,40,22,4,3,15,26,19.0
22013,1610612745,HOU,Houston Rockets,0021301153,2014-04-06,HOU vs. DEN,W,264,130,45,98,0.459,13,36,0.361,27,40,0.675,15,35,50,24,15,10,15,19,5.0
22013,1610612744,GSW,Golden State Warriors,0021301155,2014-04-06,GSW vs. UTA,W,242,130,52,90,0.578,17,33,0.515,9,9,1.0,6,39,45,34,9,2,16,23,28.0
22013,1610612762,UTA,Utah Jazz,0021301155,2014-04-06,UTA @ GSW,L,241,102,39,86,0.453,4,13,0.308,20,28,0.714,8,29,37,27,13,1,12,13,-28.0
22013,1610612752,NYK,New York Knicks,0021301149,2014-04-06,NYK @ MIA,L,239,91,33,88,0.375,15,42,0.357,10,13,0.769,15,23,38,18,10,2,10,24,-11.0
22013,1610612747,LAL,Los Angeles Lakers,0021301150,2014-04-06,LAL @ LAC,L,240,97,36,86,0.419,7,31,0.226,18,23,0.783,8,30,38,26,9,0,14,19,-23.0
22013,1610612754,IND,Indiana Pacers,0021301152,2014-04-06,IND vs. ATL,L,240,88,32,78,0.41,5,20,0.25,19,30,0.633,10,25,35,18,9,3,11,26,-19.0
22013,1610612758,SAC,Sacramento Kings,0021301151,2014-04-06,SAC vs. DAL,L,240,91,36,76,0.474,5,18,0.278,14,20,0.7,6,34,40,21,6,3,13,17,-2.0
22013,1610612760,OKC,Oklahoma City Thunder,0021301156,2014-04-06,OKC @ PHX,L,238,115,40,84,0.476,9,32,0.281,26,32,0.813,7,31,38,17,6,4,12,30,-7.0
22013,1610612757,POR,Portland Trail Blazers,0021301157,2014-04-06,POR vs. NOP,W,240,100,41,87,0.471,5,22,0.227,13,15,0.867,14,36,50,20,5,6,14,17,6.0
22013,1610612763,MEM,Memphis Grizzlies,0021301154,2014-04-06,MEM @ SAS,L,239,92,38,86,0.442,5,14,0.357,11,17,0.647,13,24,37,22,8,3,14,19,-20.0
22013,1610612740,NOP,New Orleans Pelicans,0021301157,2014-04-06,NOP @ POR,L,240,94,38,90,0.422,4,12,0.333,14,18,0.778,13,25,38,21,10,4,10,19,-6.0
22013,1610612746,LAC,Los Angeles Clippers,0021301150,2014-04-06,LAC vs. LAL,W,239,120,47,83,0.566,10,19,0.526,16,26,0.615,8,44,52,28,12,5,16,17,23.0
22013,1612709913,ERI,Erie BayHawks,2021300408,2014-04-05,ERI @ BAK,L,239,108,43,93,0.462,9,29,0.31,13,15,0.867,10,30,40,18,10,4,18,28,-17.0
22013,1610612741,CHI,Chicago Bulls,0021301144,2014-04-05,CHI @ WAS,W,240,96,35,79,0.443,9,23,0.391,17,21,0.81,11,34,45,24,7,4,10,14,18.0
22013,1612709905,LAD,Los Angeles D-Fenders,2021300403,2014-04-05,LAD @ IWA,L,240,128,46,98,0.469,16,47,0.34,20,27,0.741,11,33,44,22,9,5,16,23,-20.0
22013,1612709890,AUS,Austin Toros,2021300406,2014-04-05,AUS @ RGV,W,238,129,43,79,0.544,11,29,0.379,32,43,0.744,7,31,38,20,7,3,17,21,4.0
22013,1612709917,SPG,Springfield Armor,2021300402,2014-04-05,SPG @ DEL,W,239,127,51,102,0.5,13,36,0.361,12,17,0.706,19,29,48,34,15,1,19,14,19.0
22013,1612709904,SXF,Sioux Falls Skyforce,2021300404,2014-04-05,SXF vs. TUL,W,255,107,37,84,0.44,13,26,0.5,20,28,0.714,7,31,38,19,12,4,17,19,2.0
22013,1610612751,BKN,Brooklyn Nets,0021301147,2014-04-05,BKN @ PHI,W,238,105,41,80,0.513,6,21,0.286,17,23,0.739,8,33,41,29,6,3,12,20,4.0
22013,1612709900,BAK,Bakersfield Jam,2021300408,2014-04-05,BAK vs. ERI,W,240,125,45,84,0.536,10,25,0.4,25,35,0.714,10,36,46,17,11,4,16,15,17.0
22013,1612709909,DEL,Delaware 87ers,2021300402,2014-04-05,DEL vs. SPG,L,241,108,41,84,0.488,12,35,0.343,14,17,0.824,8,28,36,22,12,6,25,15,-19.0
22013,1612709911,IWA,Iowa Energy,2021300403,2014-04-05,IWA vs. LAD,W,239,148,56,106,0.528,12,22,0.545,24,32,0.75,16,39,55,31,11,4,9,18,20.0
22013,1612709903,IDA,Idaho Stampede,2021300405,2014-04-05,IDA @ TEX,L,241,124,43,92,0.467,15,37,0.405,23,26,0.885,10,29,39,25,6,0,14,32,-9.0
22013,1612709902,SCW,Santa Cruz Warriors,2021300407,2014-04-05,SCW @ RNO,W,239,109,43,93,0.462,11,29,0.379,12,17,0.706,17,25,42,29,15,4,17,26,14.0
22013,1610612761,TOR,Toronto Raptors,0021301148,2014-04-05,TOR @ MIL,W,239,102,36,81,0.444,12,27,0.444,18,22,0.818,12,27,39,20,5,2,9,22,4.0
22013,1612709908,RGV,Rio Grande Valley Vipers,2021300406,2014-04-05,RGV vs. AUS,L,240,125,44,90,0.489,13,36,0.361,24,31,0.774,13,34,47,25,6,1,18,30,-4.0
22013,1610612766,CHA,Charlotte Bobcats,0021301145,2014-04-05,CHA @ CLE,W,265,96,34,91,0.374,9,26,0.346,19,27,0.704,12,46,58,23,7,5,12,19,2.0
22013,1612709889,TUL,Tulsa 66ers,2021300404,2014-04-05,TUL @ SXF,L,255,105,41,85,0.482,7,20,0.35,16,20,0.8,8,41,49,23,6,1,27,23,-2.0
22013,1610612753,ORL,Orlando Magic,0021301143,2014-04-05,ORL vs. MIN,W,239,100,43,79,0.544,9,17,0.529,5,9,0.556,13,27,40,29,7,4,22,23,8.0
22013,1610612755,PHI,Philadelphia 76ers,0021301147,2014-04-05,PHI vs. BKN,L,242,101,36,79,0.456,10,23,0.435,19,27,0.704,9,31,40,27,6,2,13,26,-4.0
22013,1610612764,WAS,Washington Wizards,0021301144,2014-04-05,WAS vs. CHI,L,240,78,34,86,0.395,3,16,0.188,7,12,0.583,14,26,40,16,6,4,11,19,-18.0
22013,1610612750,MIN,Minnesota Timberwolves,0021301143,2014-04-05,MIN @ ORL,L,239,92,36,77,0.468,1,14,0.071,19,28,0.679,8,22,30,26,11,6,13,10,-8.0
22013,1610612765,DET,Detroit Pistons,0021301146,2014-04-05,DET vs. BOS,W,238,115,38,79,0.481,9,23,0.391,30,36,0.833,13,30,43,18,6,1,13,16,4.0
22013,1610612749,MIL,Milwaukee Bucks,0021301148,2014-04-05,MIL vs. TOR,L,240,98,38,79,0.481,1,9,0.111,21,27,0.778,12,25,37,28,5,5,9,21,-4.0
22013,1610612739,CLE,Cleveland Cavaliers,0021301145,2014-04-05,CLE vs. CHA,L,266,94,35,96,0.365,7,22,0.318,17,21,0.81,10,41,51,22,5,3,11,18,-2.0
22013,1610612738,BOS,Boston Celtics,0021301146,2014-04-05,BOS @ DET,L,241,111,42,88,0.477,14,31,0.452,13,16,0.813,15,22,37,25,8,3,11,24,-4.0
22013,1612709914,RNO,Reno Bighorns,2021300407,2014-04-05,RNO vs. SCW,L,240,95,33,72,0.458,3,9,0.333,26,33,0.788,12,31,43,15,11,4,25,17,-14.0
22013,1612709918,TEX,Texas Legends,2021300405,2014-04-05,TEX vs. IDA,W,241,133,45,81,0.556,12,27,0.444,31,44,0.705,10,35,45,26,8,3,14,21,9.0
22013,1610612756,PHX,Phoenix Suns,0021301140,2014-04-04,PHX @ POR,W,241,109,39,97,0.402,6,21,0.286,25,31,0.806,23,36,59,17,7,4,12,20,16.0
22013,1610612755,PHI,Philadelphia 76ers,0021301133,2014-04-04,PHI @ BOS,W,240,111,39,77,0.506,6,19,0.316,27,37,0.73,9,25,34,21,12,4,12,21,9.0
22013,1610612754,IND,Indiana Pacers,0021301131,2014-04-04,IND @ TOR,L,240,94,33,78,0.423,6,11,0.545,22,28,0.786,8,31,39,19,6,3,10,19,-8.0
22013,1610612761,TOR,Toronto Raptors,0021301131,2014-04-04,TOR vs. IND,W,241,102,40,84,0.476,10,22,0.455,12,16,0.75,9,33,42,23,6,5,11,20,8.0
22013,1610612738,BOS,Boston Celtics,0021301133,2014-04-04,BOS vs. PHI,L,239,102,38,87,0.437,9,33,0.273,17,21,0.81,19,30,49,23,4,5,22,27,-9.0
22013,1612709917,SPG,Springfield Armor,2021300394,2014-04-04,SPG @ DEL,W,240,125,46,104,0.442,14,33,0.424,19,29,0.655,23,35,58,24,10,5,12,18,11.0
22013,1610612741,CHI,Chicago Bulls,0021301137,2014-04-04,CHI vs. MIL,W,240,102,31,84,0.369,7,22,0.318,33,42,0.786,16,28,44,24,13,5,11,24,12.0
22013,1612709908,RGV,Rio Grande Valley Vipers,2021300399,2014-04-04,RGV vs. IDA,W,241,121,41,88,0.466,17,44,0.386,22,29,0.759,13,32,45,26,6,6,16,24,11.0
22013,1612709889,TUL,Tulsa 66ers,2021300398,2014-04-04,TUL vs. CTN,W,240,108,47,96,0.49,6,21,0.286,8,13,0.615,15,39,54,26,9,9,10,19,31.0
22013,1612709904,SXF,Sioux Falls Skyforce,2021300397,2014-04-04,SXF vs. TEX,W,240,135,47,76,0.618,6,15,0.4,35,42,0.833,14,24,38,37,12,4,17,16,14.0
22013,1612709915,MNE,Maine Red Claws,2021300396,2014-04-04,MNE @ IWA,L,240,122,48,101,0.475,13,35,0.371,13,21,0.619,10,29,39,20,7,2,7,9,-20.0
22013,1610612737,ATL,Atlanta Hawks,0021301132,2014-04-04,ATL vs. CLE,W,240,117,48,82,0.585,13,29,0.448,8,10,0.8,2,36,38,35,1,3,16,17,19.0
22013,1610612739,CLE,Cleveland Cavaliers,0021301132,2014-04-04,CLE @ ATL,L,239,98,36,91,0.396,5,21,0.238,21,25,0.84,10,24,34,16,13,3,6,18,-19.0
22013,1610612743,DEN,Denver Nuggets,0021301129,2014-04-04,DEN @ MEM,L,241,92,29,80,0.363,7,23,0.304,27,32,0.844,14,32,46,16,7,4,20,27,-8.0
22013,1610612748,MIA,Miami Heat,0021301135,2014-04-04,MIA vs. MIN,L,290,121,43,99,0.434,11,36,0.306,24,30,0.8,15,37,52,20,11,6,16,27,-1.0
22013,1610612744,GSW,Golden State Warriors,0021301141,2014-04-04,GSW vs. SAC,W,241,102,42,93,0.452,10,30,0.333,8,12,0.667,15,42,57,25,6,5,12,22,33.0
22013,1612709913,ERI,Erie BayHawks,2021300401,2014-04-04,ERI @ SCW,L,240,109,39,73,0.534,9,20,0.45,22,28,0.786,5,29,34,22,6,8,18,12,-14.0
22013,1610612764,WAS,Washington Wizards,0021301136,2014-04-04,WAS @ NYK,W,240,90,38,78,0.487,5,19,0.263,9,15,0.6,12,29,41,18,7,0,15,15,1.0
22013,1610612747,LAL,Los Angeles Lakers,0021301142,2014-04-04,LAL vs. DAL,L,241,95,35,83,0.422,7,28,0.25,18,24,0.75,10,28,38,26,10,5,15,14,-12.0
22013,1610612753,ORL,Orlando Magic,0021301130,2014-04-04,ORL @ CHA,L,239,80,31,87,0.356,3,11,0.273,15,18,0.833,14,29,43,15,8,10,13,25,-11.0
22013,1612709902,SCW,Santa Cruz Warriors,2021300401,2014-04-04,SCW vs. ERI,W,239,123,49,91,0.538,14,27,0.519,11,15,0.733,10,28,38,23,11,1,13,21,14.0
22013,1612709903,IDA,Idaho Stampede,2021300399,2014-04-04,IDA @ RGV,L,240,110,39,83,0.47,4,22,0.182,28,35,0.8,10,33,43,21,9,2,17,20,-11.0
22013,1610612758,SAC,Sacramento Kings,0021301141,2014-04-04,SAC @ GSW,L,240,69,25,78,0.321,1,10,0.1,18,25,0.72,10,34,44,12,4,2,16,14,-33.0
22013,1610612766,CHA,Charlotte Bobcats,0021301130,2014-04-04,CHA vs. ORL,W,240,91,33,78,0.423,6,16,0.375,19,23,0.826,9,37,46,20,5,7,14,15,11.0
22013,1610612752,NYK,New York Knicks,0021301136,2014-04-04,NYK vs. WAS,L,240,89,34,76,0.447,14,31,0.452,7,8,0.875,8,26,34,23,9,1,16,14,-1.0
22013,1610612745,HOU,Houston Rockets,0021301139,2014-04-04,HOU vs. OKC,W,240,111,33,78,0.423,13,31,0.419,32,37,0.865,9,36,45,21,8,2,11,21,4.0
22013,1612709910,FWN,Fort Wayne Mad Ants,2021300395,2014-04-04,FWN vs. LAD,W,270,129,46,109,0.422,9,36,0.25,28,35,0.8,20,40,60,28,12,1,17,24,1.0
22013,1612709905,LAD,Los Angeles D-Fenders,2021300395,2014-04-04,LAD @ FWN,L,270,128,46,108,0.426,8,33,0.242,28,37,0.757,20,39,59,17,11,6,17,33,-1.0
22013,1610612749,MIL,Milwaukee Bucks,0021301137,2014-04-04,MIL @ CHI,L,240,90,31,68,0.456,2,8,0.25,26,35,0.743,9,29,38,17,7,9,20,24,-12.0
22013,1610612763,MEM,Memphis Grizzlies,0021301129,2014-04-04,MEM vs. DEN,W,240,100,32,83,0.386,2,11,0.182,34,38,0.895,10,28,38,18,9,4,11,26,8.0
22013,1610612760,OKC,Oklahoma City Thunder,0021301139,2014-04-04,OKC @ HOU,L,242,107,38,85,0.447,13,31,0.419,18,20,0.9,10,35,45,24,5,8,14,24,-4.0
22013,1610612742,DAL,Dallas Mavericks,0021301142,2014-04-04,DAL @ LAL,W,241,107,44,92,0.478,5,21,0.238,14,15,0.933,15,37,52,28,8,4,16,17,12.0
22013,1610612762,UTA,Utah Jazz,0021301138,2014-04-04,UTA vs. NOP,W,239,100,33,64,0.516,4,11,0.364,30,35,0.857,6,28,34,22,8,6,17,24,4.0
22013,1610612740,NOP,New Orleans Pelicans,0021301138,2014-04-04,NOP @ UTA,L,240,96,34,73,0.466,8,19,0.421,20,29,0.69,9,27,36,19,6,9,14,27,-4.0
22013,1612709911,IWA,Iowa Energy,2021300396,2014-04-04,IWA vs. MNE,W,239,142,60,112,0.536,13,29,0.448,9,10,0.9,20,38,58,31,7,4,11,15,20.0
22013,1612709918,TEX,Texas Legends,2021300397,2014-04-04,TEX @ SXF,L,240,121,47,82,0.573,12,27,0.444,15,18,0.833,7,17,24,33,6,1,18,26,-14.0
22013,1610612750,MIN,Minnesota Timberwolves,0021301135,2014-04-04,MIN @ MIA,W,290,122,43,93,0.462,12,32,0.375,24,34,0.706,10,36,46,27,10,5,17,22,1.0
22013,1612709909,DEL,Delaware 87ers,2021300394,2014-04-04,DEL vs. SPG,L,240,114,46,89,0.517,9,19,0.474,13,20,0.65,9,37,46,26,5,5,18,23,-11.0
22013,1610612765,DET,Detroit Pistons,0021301134,2014-04-04,DET @ BKN,L,240,104,41,88,0.466,9,27,0.333,13,21,0.619,19,27,46,23,6,2,9,14,-12.0
22013,1610612757,POR,Portland Trail Blazers,0021301140,2014-04-04,POR vs. PHX,L,241,93,35,81,0.432,6,21,0.286,17,27,0.63,13,35,48,20,5,8,15,23,-16.0
22013,1610612751,BKN,Brooklyn Nets,0021301134,2014-04-04,BKN vs. DET,W,239,116,46,76,0.605,15,31,0.484,9,11,0.818,2,24,26,28,6,3,10,19,12.0
22013,1612709893,CTN,Canton Charge,2021300398,2014-04-04,CTN @ TUL,L,240,77,30,75,0.4,5,19,0.263,12,20,0.6,8,28,36,16,7,2,17,19,-31.0
22013,1612709915,MNE,Maine Red Claws,2021300392,2014-04-03,MNE @ FWN,L,242,108,37,76,0.487,8,27,0.296,26,44,0.591,10,31,41,22,7,0,21,26,-14.0
22013,1610612746,LAC,Los Angeles Clippers,0021301128,2014-04-03,LAC vs. DAL,L,242,107,39,91,0.429,6,27,0.222,23,29,0.793,12,29,41,26,7,4,6,20,-6.0
22013,1612709890,AUS,Austin Toros,2021300393,2014-04-03,AUS vs. CTN,W,240,96,33,80,0.413,10,35,0.286,20,25,0.8,10,27,37,18,7,8,11,18,2.0
22013,1610612760,OKC,Oklahoma City Thunder,0021301127,2014-04-03,OKC vs. SAS,W,239,106,40,81,0.494,6,18,0.333,20,23,0.87,8,31,39,18,14,5,13,16,12.0
22013,1612709910,FWN,Fort Wayne Mad Ants,2021300392,2014-04-03,FWN vs. MNE,W,239,122,46,99,0.465,8,25,0.32,22,30,0.733,19,33,52,23,13,3,14,27,14.0
22013,1612709893,CTN,Canton Charge,2021300393,2014-04-03,CTN @ AUS,L,239,94,35,75,0.467,3,11,0.273,21,30,0.7,16,37,53,21,6,3,17,17,-2.0
22013,1610612759,SAS,San Antonio Spurs,0021301127,2014-04-03,SAS @ OKC,L,239,94,38,88,0.432,9,22,0.409,9,12,0.75,13,29,42,18,5,3,18,18,-12.0
22013,1610612742,DAL,Dallas Mavericks,0021301128,2014-04-03,DAL @ LAC,W,240,113,41,82,0.5,14,29,0.483,17,20,0.85,8,38,46,24,4,9,11,21,6.0
22013,1610612756,PHX,Phoenix Suns,0021301125,2014-04-02,PHX vs. LAC,L,240,108,36,78,0.462,8,28,0.286,28,33,0.848,14,24,38,17,4,4,14,26,-4.0
22013,1610612741,CHI,Chicago Bulls,0021301120,2014-04-02,CHI @ ATL,W,240,105,40,78,0.513,12,25,0.48,13,15,0.867,7,29,36,27,13,3,13,19,13.0
22013,1610612764,WAS,Washington Wizards,0021301119,2014-04-02,WAS vs. BOS,W,241,118,45,72,0.625,10,19,0.526,18,21,0.857,6,35,41,29,8,4,21,24,26.0
22013,1610612752,NYK,New York Knicks,0021301115,2014-04-02,NYK vs. BKN,W,240,110,42,70,0.6,11,25,0.44,15,20,0.75,9,32,41,21,11,5,15,25,29.0
22013,1610612748,MIA,Miami Heat,0021301121,2014-04-02,MIA vs. MIL,W,241,96,39,77,0.506,9,26,0.346,9,14,0.643,8,27,35,22,12,5,9,12,19.0
22013,1610612766,CHA,Charlotte Bobcats,0021301117,2014-04-02,CHA @ PHI,W,240,123,42,79,0.532,12,22,0.545,27,35,0.771,9,38,47,32,1,4,9,17,30.0
22013,1610612751,BKN,Brooklyn Nets,0021301115,2014-04-02,BKN @ NYK,L,241,81,26,65,0.4,8,26,0.308,21,28,0.75,7,16,23,11,9,0,16,16,-29.0
22013,1610612761,TOR,Toronto Raptors,0021301118,2014-04-02,TOR vs. HOU,W,241,107,34,75,0.453,10,25,0.4,29,39,0.744,3,33,36,20,7,3,13,25,4.0
22013,1610612758,SAC,Sacramento Kings,0021301126,2014-04-02,SAC vs. LAL,W,239,107,42,86,0.488,5,15,0.333,18,27,0.667,8,39,47,16,8,4,8,18,5.0
22013,1610612744,GSW,Golden State Warriors,0021301123,2014-04-02,GSW @ SAS,L,240,90,36,85,0.424,8,21,0.381,10,10,1.0,7,26,33,21,7,2,13,19,-21.0
22013,1612709914,RNO,Reno Bighorns,2021300400,2014-04-02,RNO vs. BAK,L,241,94,32,81,0.395,5,21,0.238,25,30,0.833,11,30,41,18,8,6,22,26,-19.0
22013,1612709900,BAK,Bakersfield Jam,2021300400,2014-04-02,BAK @ RNO,W,241,113,42,82,0.512,6,23,0.261,23,33,0.697,8,32,40,16,9,6,15,26,19.0
22013,1610612746,LAC,Los Angeles Clippers,0021301125,2014-04-02,LAC @ PHX,W,240,112,37,79,0.468,11,26,0.423,27,30,0.9,10,26,36,18,10,4,13,24,4.0
22013,1610612739,CLE,Cleveland Cavaliers,0021301116,2014-04-02,CLE @ ORL,W,241,119,45,78,0.577,9,18,0.5,20,24,0.833,6,31,37,28,7,4,12,15,21.0
22013,1612709905,LAD,Los Angeles D-Fenders,2021300391,2014-04-02,LAD vs. ERI,W,241,154,50,96,0.521,22,43,0.512,32,41,0.78,14,32,46,29,13,6,12,21,18.0
22013,1610612747,LAL,Los Angeles Lakers,0021301126,2014-04-02,LAL @ SAC,L,241,102,37,96,0.385,12,28,0.429,16,20,0.8,14,38,52,26,7,6,10,21,-5.0
22013,1610612738,BOS,Boston Celtics,0021301119,2014-04-02,BOS @ WAS,L,239,92,32,81,0.395,3,24,0.125,25,30,0.833,10,19,29,20,10,2,14,22,-26.0
22013,1610612763,MEM,Memphis Grizzlies,0021301122,2014-04-02,MEM @ MIN,L,240,88,40,95,0.421,4,11,0.364,4,6,0.667,11,27,38,24,6,3,11,15,-14.0
22013,1610612754,IND,Indiana Pacers,0021301114,2014-04-02,IND vs. DET,W,240,101,39,79,0.494,5,18,0.278,18,24,0.75,10,37,47,24,4,7,10,21,7.0
22013,1610612755,PHI,Philadelphia 76ers,0021301117,2014-04-02,PHI vs. CHA,L,241,93,35,83,0.422,4,18,0.222,19,26,0.731,7,25,32,21,5,2,11,24,-30.0
22013,1610612745,HOU,Houston Rockets,0021301118,2014-04-02,HOU @ TOR,L,241,103,36,87,0.414,9,26,0.346,22,30,0.733,10,37,47,19,8,1,15,30,-4.0
22013,1612709903,IDA,Idaho Stampede,2021300390,2014-04-02,IDA @ IWA,W,240,119,43,89,0.483,9,25,0.36,24,36,0.667,12,36,48,24,8,4,13,22,9.0
22013,1610612740,NOP,New Orleans Pelicans,0021301124,2014-04-02,NOP @ DEN,L,242,107,35,74,0.473,2,9,0.222,35,45,0.778,8,34,42,21,5,7,16,25,-30.0
22013,1610612749,MIL,Milwaukee Bucks,0021301121,2014-04-02,MIL @ MIA,L,241,77,32,73,0.438,4,18,0.222,9,9,1.0,11,31,42,18,3,3,17,16,-19.0
22013,1612709911,IWA,Iowa Energy,2021300390,2014-04-02,IWA vs. IDA,L,240,110,39,81,0.481,11,29,0.379,21,33,0.636,8,32,40,24,5,4,19,26,-9.0
22013,1610612750,MIN,Minnesota Timberwolves,0021301122,2014-04-02,MIN vs. MEM,W,241,102,43,81,0.531,5,16,0.313,11,16,0.688,12,34,46,31,8,6,14,13,14.0
22013,1610612759,SAS,San Antonio Spurs,0021301123,2014-04-02,SAS vs. GSW,W,240,111,44,83,0.53,4,19,0.211,19,22,0.864,8,37,45,29,6,2,13,12,21.0
22013,1610612743,DEN,Denver Nuggets,0021301124,2014-04-02,DEN vs. NOP,W,239,137,52,92,0.565,15,27,0.556,18,25,0.72,8,32,40,33,8,12,11,29,30.0
22013,1610612753,ORL,Orlando Magic,0021301116,2014-04-02,ORL vs. CLE,L,240,98,35,79,0.443,11,28,0.393,17,20,0.85,9,25,34,21,6,4,17,21,-21.0
22013,1610612737,ATL,Atlanta Hawks,0021301120,2014-04-02,ATL vs. CHI,L,239,92,32,72,0.444,8,24,0.333,20,26,0.769,9,29,38,24,7,3,16,17,-13.0
22013,1610612765,DET,Detroit Pistons,0021301114,2014-04-02,DET @ IND,L,239,94,34,93,0.366,7,16,0.438,19,28,0.679,17,30,47,16,7,4,5,18,-7.0
22013,1612709913,ERI,Erie BayHawks,2021300391,2014-04-02,ERI @ LAD,L,241,136,54,99,0.545,11,28,0.393,17,22,0.773,11,30,41,34,7,6,16,21,-18.0
22013,1612709900,BAK,Bakersfield Jam,2021300389,2014-04-01,BAK @ SCW,L,240,100,39,92,0.424,7,24,0.292,15,22,0.682,15,28,43,24,15,6,18,24,-1.6
22013,1610612742,DAL,Dallas Mavericks,0021301112,2014-04-01,DAL vs. GSW,L,265,120,47,96,0.49,14,30,0.467,12,16,0.75,15,28,43,27,7,5,8,12,-2.0
22013,1610612757,POR,Portland Trail Blazers,0021301113,2014-04-01,POR @ LAL,W,242,124,46,99,0.465,13,29,0.448,19,21,0.905,11,39,50,32,10,5,10,18,12.0
22013,1610612747,LAL,Los Angeles Lakers,0021301113,2014-04-01,LAL vs. POR,L,239,112,41,92,0.446,11,25,0.44,19,22,0.864,9,36,45,31,7,10,11,16,-12.0
22013,1612709902,SCW,Santa Cruz Warriors,2021300389,2014-04-01,SCW vs. BAK,W,240,102,34,87,0.391,10,27,0.37,24,34,0.706,23,37,60,28,10,5,22,18,2.0
22013,1610612745,HOU,Houston Rockets,0021301111,2014-04-01,HOU @ BKN,L,240,96,32,84,0.381,10,35,0.286,22,28,0.786,10,34,44,20,6,3,15,16,-9.0
22013,1610612751,BKN,Brooklyn Nets,0021301111,2014-04-01,BKN vs. HOU,W,239,105,44,83,0.53,6,25,0.24,11,17,0.647,6,36,42,23,9,5,13,26,9.0
22013,1610612744,GSW,Golden State Warriors,0021301112,2014-04-01,GSW @ DAL,W,265,122,52,91,0.571,15,31,0.484,3,6,0.5,10,34,44,33,6,3,12,16,2.0
22013,1610612741,CHI,Chicago Bulls,0021301106,2014-03-31,CHI vs. BOS,W,240,94,38,80,0.475,3,16,0.188,15,16,0.938,11,29,40,28,9,3,13,16,14.0
22013,1610612761,TOR,Toronto Raptors,0021301105,2014-03-31,TOR @ MIA,L,240,83,35,70,0.5,8,26,0.308,5,10,0.5,5,25,30,17,7,1,14,25,-10.0
22013,1612709914,RNO,Reno Bighorns,2021300388,2014-03-31,RNO @ LAD,L,240,108,40,78,0.513,5,16,0.313,23,29,0.793,11,32,43,24,8,5,24,16,-11.0
22013,1610612743,DEN,Denver Nuggets,0021301109,2014-03-31,DEN vs. MEM,L,240,92,36,73,0.493,6,20,0.3,14,24,0.583,11,32,43,20,7,3,14,23,-2.0
22013,1610612740,NOP,New Orleans Pelicans,0021301108,2014-03-31,NOP vs. SAC,L,241,97,36,73,0.493,5,14,0.357,20,26,0.769,3,27,30,22,11,10,13,26,-5.0
22013,1610612750,MIN,Minnesota Timberwolves,0021301107,2014-03-31,MIN vs. LAC,L,239,104,41,96,0.427,10,26,0.385,12,14,0.857,12,30,42,30,9,4,17,23,-10.0
22013,1610612759,SAS,San Antonio Spurs,0021301102,2014-03-31,SAS @ IND,W,242,103,37,80,0.463,8,17,0.471,21,25,0.84,15,25,40,18,10,5,8,19,26.0
22013,1612709915,MNE,Maine Red Claws,2021300387,2014-03-31,MNE vs. FWN,L,241,114,38,77,0.494,9,20,0.45,29,36,0.806,9,34,43,20,4,3,18,33,-9.0
22013,1610612752,NYK,New York Knicks,0021301110,2014-03-31,NYK @ UTA,W,238,92,33,70,0.471,9,29,0.31,17,24,0.708,3,35,38,18,8,6,9,18,9.0
22013,1610612737,ATL,Atlanta Hawks,0021301103,2014-03-31,ATL vs. PHI,W,240,103,36,84,0.429,7,31,0.226,24,30,0.8,13,36,49,25,10,0,16,17,8.0
22013,1610612765,DET,Detroit Pistons,0021301104,2014-03-31,DET vs. MIL,W,239,116,46,97,0.474,9,23,0.391,15,21,0.714,19,31,50,28,5,5,11,26,5.0
22013,1610612758,SAC,Sacramento Kings,0021301108,2014-03-31,SAC @ NOP,W,239,102,38,80,0.475,3,11,0.273,23,31,0.742,15,32,47,20,7,3,18,19,5.0
22013,1610612766,CHA,Charlotte Bobcats,0021301101,2014-03-31,CHA vs. WAS,W,240,100,34,78,0.436,3,21,0.143,29,34,0.853,15,33,48,17,6,5,10,15,6.0
22013,1610612763,MEM,Memphis Grizzlies,0021301109,2014-03-31,MEM @ DEN,W,240,94,38,85,0.447,5,9,0.556,13,23,0.565,17,26,43,17,7,3,11,19,2.0
22013,1610612749,MIL,Milwaukee Bucks,0021301104,2014-03-31,MIL @ DET,L,240,111,39,88,0.443,5,17,0.294,28,36,0.778,18,32,50,28,5,5,13,20,-5.0
22013,1610612738,BOS,Boston Celtics,0021301106,2014-03-31,BOS @ CHI,L,240,80,31,77,0.403,7,25,0.28,11,15,0.733,12,25,37,17,10,4,16,15,-14.0
22013,1610612755,PHI,Philadelphia 76ers,0021301103,2014-03-31,PHI @ ATL,L,240,95,36,77,0.468,11,30,0.367,12,20,0.6,6,34,40,25,11,6,20,27,-8.0
22013,1612709905,LAD,Los Angeles D-Fenders,2021300388,2014-03-31,LAD vs. RNO,W,240,119,45,84,0.536,13,33,0.394,16,21,0.762,4,24,28,28,12,5,14,19,11.0
22013,1610612748,MIA,Miami Heat,0021301105,2014-03-31,MIA vs. TOR,W,241,93,34,66,0.515,7,25,0.28,18,22,0.818,6,30,36,19,5,2,15,14,10.0
22013,1612709910,FWN,Fort Wayne Mad Ants,2021300387,2014-03-31,FWN @ MNE,W,240,123,39,81,0.481,6,21,0.286,39,51,0.765,8,31,39,22,14,5,12,22,9.0
22013,1610612762,UTA,Utah Jazz,0021301110,2014-03-31,UTA vs. NYK,L,239,83,33,85,0.388,8,24,0.333,9,15,0.6,16,34,50,15,5,0,11,23,-9.0
22013,1610612764,WAS,Washington Wizards,0021301101,2014-03-31,WAS @ CHA,L,241,94,38,79,0.481,9,17,0.529,9,13,0.692,9,28,37,26,6,3,14,21,-6.0
22013,1610612746,LAC,Los Angeles Clippers,0021301107,2014-03-31,LAC @ MIN,W,240,114,38,82,0.463,12,30,0.4,26,32,0.813,13,36,49,23,8,4,18,18,10.0
22013,1610612754,IND,Indiana Pacers,0021301102,2014-03-31,IND vs. SAS,L,242,77,26,69,0.377,6,14,0.429,19,24,0.792,7,27,34,14,4,3,15,22,-26.0
22013,1610612762,UTA,Utah Jazz,0021301093,2014-03-30,UTA @ OKC,L,241,96,36,86,0.419,6,21,0.286,18,24,0.75,16,24,40,23,5,4,14,17,-20.0
22013,1612709911,IWA,Iowa Energy,2021300384,2014-03-30,IWA vs. CTN,W,240,110,40,77,0.519,9,27,0.333,21,27,0.778,12,32,44,23,8,2,13,19,12.0
22013,1610612747,LAL,Los Angeles Lakers,0021301100,2014-03-30,LAL vs. PHX,W,241,115,44,83,0.53,5,18,0.278,22,24,0.917,5,37,42,29,10,5,13,21,16.0
22013,1610612744,GSW,Golden State Warriors,0021301098,2014-03-30,GSW vs. NYK,L,241,84,28,79,0.354,10,31,0.323,18,22,0.818,14,32,46,14,2,7,10,19,-5.0
22013,1612709902,SCW,Santa Cruz Warriors,2021300386,2014-03-30,SCW vs. BAK,L,241,109,38,80,0.475,9,25,0.36,24,31,0.774,10,32,42,22,7,4,14,24,-6.0
22013,1612709890,AUS,Austin Toros,2021300385,2014-03-30,AUS vs. TEX,L,241,92,31,78,0.397,9,34,0.265,21,35,0.6,15,30,45,19,10,5,13,21,-1.0
22013,1612709915,MNE,Maine Red Claws,2021300383,2014-03-30,MNE vs. SXF,L,241,110,36,80,0.45,3,21,0.143,35,48,0.729,16,27,43,23,9,10,19,20,-3.0
22013,1610612739,CLE,Cleveland Cavaliers,0021301094,2014-03-30,CLE vs. IND,W,241,90,34,76,0.447,5,14,0.357,17,21,0.81,10,35,45,20,6,1,15,21,14.0
22013,1610612752,NYK,New York Knicks,0021301098,2014-03-30,NYK @ GSW,W,240,89,32,80,0.4,9,25,0.36,16,18,0.889,10,30,40,15,5,3,9,19,5.0
22013,1610612754,IND,Indiana Pacers,0021301094,2014-03-30,IND @ CLE,L,239,76,29,78,0.372,8,22,0.364,10,16,0.625,10,31,41,21,8,3,15,21,-14.0
22013,1612709900,BAK,Bakersfield Jam,2021300386,2014-03-30,BAK @ SCW,W,241,115,47,88,0.534,7,19,0.368,14,24,0.583,12,29,41,23,7,3,11,20,6.0
22013,1610612757,POR,Portland Trail Blazers,0021301099,2014-03-30,POR vs. MEM,W,241,105,39,75,0.52,5,15,0.333,22,25,0.88,7,32,39,23,6,3,13,16,7.0
22013,1610612741,CHI,Chicago Bulls,0021301097,2014-03-30,CHI @ BOS,W,238,107,37,70,0.529,8,16,0.5,25,31,0.806,2,29,31,24,8,5,15,13,5.0
22013,1612709904,SXF,Sioux Falls Skyforce,2021300383,2014-03-30,SXF @ MNE,W,241,113,41,83,0.494,7,21,0.333,24,29,0.828,8,32,40,21,12,2,16,30,3.0
22013,1610612756,PHX,Phoenix Suns,0021301100,2014-03-30,PHX @ LAL,L,242,99,35,91,0.385,8,36,0.222,21,28,0.75,13,35,48,20,9,2,13,20,-16.0
22013,1612709918,TEX,Texas Legends,2021300385,2014-03-30,TEX @ AUS,W,240,93,38,79,0.481,4,18,0.222,13,23,0.565,12,39,51,18,8,4,17,23,1.0
22013,1610612761,TOR,Toronto Raptors,0021301096,2014-03-30,TOR @ ORL,W,241,98,33,73,0.452,6,19,0.316,26,27,0.963,8,22,30,13,9,2,14,14,5.0
22013,1610612760,OKC,Oklahoma City Thunder,0021301093,2014-03-30,OKC vs. UTA,W,240,116,41,74,0.554,11,18,0.611,23,26,0.885,7,35,42,26,6,7,12,27,20.0
22013,1610612753,ORL,Orlando Magic,0021301096,2014-03-30,ORL vs. TOR,L,240,93,38,69,0.551,7,19,0.368,10,14,0.714,6,27,33,24,6,4,18,23,-5.0
22013,1612709893,CTN,Canton Charge,2021300384,2014-03-30,CTN @ IWA,L,241,98,35,78,0.449,9,24,0.375,19,27,0.704,7,25,32,21,2,2,12,22,-12.0
22013,1610612738,BOS,Boston Celtics,0021301097,2014-03-30,BOS vs. CHI,L,240,102,40,87,0.46,10,29,0.345,12,16,0.75,12,27,39,23,9,1,15,23,-5.0
22013,1610612763,MEM,Memphis Grizzlies,0021301099,2014-03-30,MEM @ POR,L,240,98,41,89,0.461,5,17,0.294,11,18,0.611,13,28,41,28,11,2,10,19,-7.0
22013,1610612750,MIN,Minnesota Timberwolves,0021301095,2014-03-30,MIN @ BKN,L,240,99,39,83,0.47,3,12,0.25,18,27,0.667,12,30,42,24,12,1,20,18,-15.0
22013,1610612751,BKN,Brooklyn Nets,0021301095,2014-03-30,BKN vs. MIN,W,242,114,43,86,0.5,12,33,0.364,16,22,0.727,14,29,43,21,13,6,20,22,15.0
22013,1610612740,NOP,New Orleans Pelicans,0021301092,2014-03-29,NOP @ SAS,L,241,80,32,81,0.395,3,12,0.25,13,16,0.813,8,33,41,16,7,2,11,19,-16.0
22013,1612709903,IDA,Idaho Stampede,2021300381,2014-03-29,IDA vs. RNO,L,239,79,28,85,0.329,1,18,0.056,22,27,0.815,11,33,44,15,11,2,14,23,-19.0
22013,1612709911,IWA,Iowa Energy,2021300378,2014-03-29,IWA vs. CTN,L,239,101,37,88,0.42,8,30,0.267,19,29,0.655,15,22,37,15,8,5,12,19,-7.0
22013,1612709893,CTN,Canton Charge,2021300378,2014-03-29,CTN @ IWA,W,239,108,42,75,0.56,7,17,0.412,17,27,0.63,10,35,45,19,6,2,17,26,7.0
22013,1612709914,RNO,Reno Bighorns,2021300381,2014-03-29,RNO @ IDA,W,240,98,37,85,0.435,6,24,0.25,18,24,0.75,15,40,55,17,9,5,15,21,19.0
22013,1610612759,SAS,San Antonio Spurs,0021301092,2014-03-29,SAS vs. NOP,W,239,96,37,78,0.474,9,21,0.429,13,20,0.65,9,37,46,24,7,11,13,16,16.0
22013,1612709917,SPG,Springfield Armor,2021300377,2014-03-29,SPG @ FWN,L,241,90,35,84,0.417,7,27,0.259,13,21,0.619,13,24,37,16,12,0,19,16,-24.0
22013,1612709913,ERI,Erie BayHawks,2021300376,2014-03-29,ERI vs. DEL,W,240,140,52,90,0.578,14,29,0.483,22,31,0.71,7,40,47,35,13,5,22,28,21.0
22013,1612709918,TEX,Texas Legends,2021300380,2014-03-29,TEX @ RGV,W,241,146,53,94,0.564,12,29,0.414,28,41,0.683,17,35,52,32,8,5,20,29,15.0
22013,1610612745,HOU,Houston Rockets,0021301088,2014-03-29,HOU vs. LAC,L,241,107,32,79,0.405,7,25,0.28,36,45,0.8,14,35,49,14,2,3,19,25,-11.0
22013,1610612764,WAS,Washington Wizards,0021301089,2014-03-29,WAS vs. ATL,W,239,101,39,79,0.494,6,14,0.429,17,25,0.68,11,33,44,17,11,5,13,22,4.0
22013,1612709908,RGV,Rio Grande Valley Vipers,2021300380,2014-03-29,RGV vs. TEX,L,238,131,45,99,0.455,14,53,0.264,27,34,0.794,17,29,46,23,11,6,21,34,-15.0
22013,1610612755,PHI,Philadelphia 76ers,0021301087,2014-03-29,PHI vs. DET,W,240,123,48,92,0.522,12,21,0.571,15,19,0.789,13,33,46,29,14,8,14,25,25.0
22013,1610612746,LAC,Los Angeles Clippers,0021301088,2014-03-29,LAC @ HOU,W,241,118,42,89,0.472,12,41,0.293,22,36,0.611,12,31,43,26,10,10,9,29,11.0
22013,1610612742,DAL,Dallas Mavericks,0021301090,2014-03-29,DAL vs. SAC,W,239,103,34,70,0.486,7,23,0.304,28,35,0.8,6,29,35,28,6,7,12,18,3.0
22013,1610612765,DET,Detroit Pistons,0021301087,2014-03-29,DET @ PHI,L,240,98,33,85,0.388,6,21,0.286,26,32,0.813,15,29,44,20,8,6,18,20,-25.0
22013,1612709889,TUL,Tulsa 66ers,2021300379,2014-03-29,TUL vs. AUS,W,239,117,43,86,0.5,5,18,0.278,26,34,0.765,13,39,52,23,11,5,15,18,13.0
22013,1612709910,FWN,Fort Wayne Mad Ants,2021300377,2014-03-29,FWN vs. SPG,W,241,114,44,78,0.564,9,24,0.375,17,20,0.85,8,27,35,23,9,4,20,18,24.0
22013,1612709905,LAD,Los Angeles D-Fenders,2021300382,2014-03-29,LAD vs. SCW,W,240,121,45,90,0.5,13,37,0.351,18,20,0.9,4,36,40,31,6,9,9,22,8.0
22013,1610612749,MIL,Milwaukee Bucks,0021301091,2014-03-29,MIL vs. MIA,L,241,67,27,79,0.342,4,14,0.286,9,14,0.643,17,23,40,15,6,4,14,16,-21.0
22013,1610612748,MIA,Miami Heat,0021301091,2014-03-29,MIA @ MIL,W,239,88,32,74,0.432,7,23,0.304,17,21,0.81,14,29,43,18,5,8,11,12,21.0
22013,1612709909,DEL,Delaware 87ers,2021300376,2014-03-29,DEL @ ERI,L,240,119,44,91,0.484,9,23,0.391,22,40,0.55,14,34,48,17,12,6,22,22,-21.0
22013,1612709902,SCW,Santa Cruz Warriors,2021300382,2014-03-29,SCW @ LAD,L,241,113,44,106,0.415,8,17,0.471,17,25,0.68,26,40,66,26,2,2,18,17,-8.0
22013,1610612758,SAC,Sacramento Kings,0021301090,2014-03-29,SAC @ DAL,L,241,100,42,81,0.519,3,10,0.3,13,19,0.684,14,33,47,17,10,2,18,29,-3.0
22013,1610612737,ATL,Atlanta Hawks,0021301089,2014-03-29,ATL @ WAS,L,242,97,34,80,0.425,9,31,0.29,20,28,0.714,10,30,40,20,6,2,12,22,-4.0
22013,1612709890,AUS,Austin Toros,2021300379,2014-03-29,AUS @ TUL,L,239,104,38,89,0.427,14,31,0.452,14,19,0.737,10,27,37,18,10,7,16,24,-13.0
22013,1610612741,CHI,Chicago Bulls,0021301080,2014-03-28,CHI vs. POR,L,241,74,33,84,0.393,3,17,0.176,5,7,0.714,12,34,46,23,5,1,12,16,-17.0
22013,1610612738,BOS,Boston Celtics,0021301076,2014-03-28,BOS @ TOR,L,239,103,40,76,0.526,6,18,0.333,17,20,0.85,8,26,34,22,7,2,16,21,-2.0
22013,1612709915,MNE,Maine Red Claws,2021300370,2014-03-28,MNE vs. SXF,L,240,94,32,83,0.386,11,32,0.344,19,23,0.826,9,40,49,21,7,7,17,19,-10.0
22013,1612709917,SPG,Springfield Armor,2021300372,2014-03-28,SPG @ FWN,L,241,104,43,96,0.448,8,23,0.348,10,15,0.667,16,27,43,12,9,3,14,20,-11.0
22013,1610612761,TOR,Toronto Raptors,0021301076,2014-03-28,TOR vs. BOS,W,240,105,40,86,0.465,5,20,0.25,20,22,0.909,12,24,36,23,10,5,10,18,2.0
22013,1610612765,DET,Detroit Pistons,0021301079,2014-03-28,DET vs. MIA,L,240,78,30,79,0.38,3,24,0.125,15,21,0.714,12,24,36,20,6,4,11,22,-32.0
22013,1610612752,NYK,New York Knicks,0021301085,2014-03-28,NYK @ PHX,L,239,88,35,87,0.402,8,25,0.32,10,16,0.625,13,24,37,14,7,2,11,24,-24.0
22013,1612709909,DEL,Delaware 87ers,2021300371,2014-03-28,DEL vs. ERI,L,241,122,44,98,0.449,6,25,0.24,28,38,0.737,10,24,34,14,13,7,16,20,-36.0
22013,1612709903,IDA,Idaho Stampede,2021300374,2014-03-28,IDA vs. RNO,L,242,102,41,94,0.436,11,28,0.393,9,12,0.75,15,22,37,18,12,1,13,20,-8.0
22013,1610612757,POR,Portland Trail Blazers,0021301080,2014-03-28,POR @ CHI,W,239,91,35,80,0.438,10,22,0.455,11,16,0.688,10,37,47,19,8,7,9,14,17.0
22013,1610612753,ORL,Orlando Magic,0021301075,2014-03-28,ORL vs. CHA,W,263,110,39,87,0.448,6,18,0.333,26,35,0.743,19,38,57,17,6,6,17,14,5.0
22013,1612709905,LAD,Los Angeles D-Fenders,2021300375,2014-03-28,LAD @ BAK,W,240,139,45,82,0.549,20,42,0.476,29,35,0.829,4,33,37,32,14,7,15,23,22.0
22013,1610612743,DEN,Denver Nuggets,0021301084,2014-03-28,DEN vs. SAS,L,241,102,35,87,0.402,6,23,0.261,26,35,0.743,10,31,41,15,7,8,12,19,-31.0
22013,1610612763,MEM,Memphis Grizzlies,0021301086,2014-03-28,MEM @ GSW,L,241,93,41,81,0.506,2,12,0.167,9,16,0.563,9,24,33,24,9,4,9,15,-7.0
22013,1610612766,CHA,Charlotte Bobcats,0021301075,2014-03-28,CHA @ ORL,L,265,105,43,97,0.443,8,22,0.364,11,14,0.786,9,27,36,24,7,7,10,22,-5.0
22013,1610612758,SAC,Sacramento Kings,0021301083,2014-03-28,SAC @ OKC,L,240,81,31,85,0.365,9,18,0.5,10,16,0.625,17,32,49,17,6,1,16,22,-13.0
22013,1612709889,TUL,Tulsa 66ers,2021300373,2014-03-28,TUL vs. RGV,W,239,127,42,90,0.467,11,34,0.324,32,40,0.8,15,36,51,25,8,1,16,22,19.0
22013,1610612751,BKN,Brooklyn Nets,0021301078,2014-03-28,BKN vs. CLE,W,241,108,39,71,0.549,14,29,0.483,16,21,0.762,7,34,41,24,10,4,17,16,11.0
22013,1612709900,BAK,Bakersfield Jam,2021300375,2014-03-28,BAK vs. LAD,L,240,117,46,96,0.479,5,25,0.2,20,29,0.69,19,30,49,23,9,1,19,26,-22.0
22013,1612709914,RNO,Reno Bighorns,2021300374,2014-03-28,RNO @ IDA,W,240,110,40,72,0.556,9,24,0.375,21,31,0.677,12,37,49,24,6,6,25,12,8.0
22013,1610612764,WAS,Washington Wizards,0021301077,2014-03-28,WAS vs. IND,W,239,91,34,87,0.391,7,23,0.304,16,17,0.941,12,31,43,20,6,4,8,21,13.0
22013,1610612762,UTA,Utah Jazz,0021301082,2014-03-28,UTA @ NOP,L,239,95,33,68,0.485,7,21,0.333,22,27,0.815,6,25,31,26,8,5,18,28,-7.0
22013,1610612759,SAS,San Antonio Spurs,0021301084,2014-03-28,SAS @ DEN,W,239,133,55,98,0.561,13,24,0.542,10,14,0.714,11,40,51,37,6,10,14,25,31.0
22013,1610612739,CLE,Cleveland Cavaliers,0021301078,2014-03-28,CLE @ BKN,L,241,97,37,87,0.425,10,24,0.417,13,16,0.813,10,25,35,25,6,2,12,16,-11.0
22013,1610612754,IND,Indiana Pacers,0021301077,2014-03-28,IND @ WAS,L,240,78,28,79,0.354,2,13,0.154,20,25,0.8,13,35,48,13,5,9,17,19,-13.0
22013,1610612747,LAL,Los Angeles Lakers,0021301081,2014-03-28,LAL @ MIN,L,241,107,44,102,0.431,7,25,0.28,12,15,0.8,14,12,26,22,15,2,8,30,-36.0
22013,1610612750,MIN,Minnesota Timberwolves,0021301081,2014-03-28,MIN vs. LAL,W,242,143,51,76,0.671,8,18,0.444,33,40,0.825,9,40,49,33,6,2,21,14,36.0
22013,1612709908,RGV,Rio Grande Valley Vipers,2021300373,2014-03-28,RGV @ TUL,L,240,108,40,93,0.43,9,42,0.214,19,26,0.731,14,31,45,21,12,5,13,27,-19.0
22013,1610612748,MIA,Miami Heat,0021301079,2014-03-28,MIA @ DET,W,241,110,43,79,0.544,8,19,0.421,16,22,0.727,10,37,47,31,6,4,8,14,32.0
22013,1610612756,PHX,Phoenix Suns,0021301085,2014-03-28,PHX vs. NYK,W,239,112,40,88,0.455,14,33,0.424,18,23,0.783,18,38,56,18,8,7,12,19,24.0
22013,1612709904,SXF,Sioux Falls Skyforce,2021300370,2014-03-28,SXF @ MNE,W,240,104,39,87,0.448,10,23,0.435,16,21,0.762,7,43,50,23,10,7,16,17,10.0
22013,1612709910,FWN,Fort Wayne Mad Ants,2021300372,2014-03-28,FWN vs. SPG,W,241,115,40,79,0.506,9,22,0.409,26,34,0.765,15,35,50,20,10,2,21,17,11.0
22013,1610612744,GSW,Golden State Warriors,0021301086,2014-03-28,GSW vs. MEM,W,240,100,40,81,0.494,9,20,0.45,11,14,0.786,10,33,43,22,5,6,12,14,7.0
22013,1610612740,NOP,New Orleans Pelicans,0021301082,2014-03-28,NOP vs. UTA,W,240,102,36,71,0.507,6,14,0.429,24,32,0.75,11,26,37,26,9,8,13,25,7.0
22013,1612709913,ERI,Erie BayHawks,2021300371,2014-03-28,ERI @ DEL,W,240,158,66,106,0.623,9,22,0.409,17,27,0.63,19,42,61,43,9,6,19,25,36.0
22013,1610612760,OKC,Oklahoma City Thunder,0021301083,2014-03-28,OKC vs. SAC,W,240,94,33,69,0.478,9,23,0.391,19,25,0.76,3,35,38,26,8,8,14,22,13.0
22013,1610612755,PHI,Philadelphia 76ers,0021301072,2014-03-27,PHI @ HOU,L,240,98,35,90,0.389,14,36,0.389,14,22,0.636,14,25,39,23,9,5,21,26,-22.0
22013,1610612745,HOU,Houston Rockets,0021301072,2014-03-27,HOU vs. PHI,W,240,120,44,90,0.489,9,26,0.346,23,34,0.676,17,40,57,27,13,6,20,22,22.0
22013,1610612749,MIL,Milwaukee Bucks,0021301073,2014-03-27,MIL vs. LAL,W,239,108,39,70,0.557,6,10,0.6,24,34,0.706,9,24,33,15,9,8,18,21,3.0
22013,1610612742,DAL,Dallas Mavericks,0021301074,2014-03-27,DAL vs. LAC,L,239,103,37,79,0.468,10,20,0.5,19,27,0.704,11,32,43,21,12,4,17,21,-6.0
22013,1610612737,ATL,Atlanta Hawks,0021301071,2014-03-27,ATL vs. POR,L,241,85,34,84,0.405,4,22,0.182,13,17,0.765,10,29,39,17,6,1,10,19,-15.0
22013,1610612757,POR,Portland Trail Blazers,0021301071,2014-03-27,POR @ ATL,W,240,100,37,80,0.463,10,26,0.385,16,21,0.762,13,34,47,24,4,5,13,20,15.0
22013,1610612746,LAC,Los Angeles Clippers,0021301074,2014-03-27,LAC @ DAL,W,240,109,38,82,0.463,11,26,0.423,22,25,0.88,13,28,41,22,10,3,19,24,6.0
22013,1610612747,LAL,Los Angeles Lakers,0021301073,2014-03-27,LAL @ MIL,L,240,105,42,85,0.494,7,21,0.333,14,18,0.778,13,25,38,23,10,1,20,24,-3.0
22013,1612709890,AUS,Austin Toros,2021300369,2014-03-27,AUS vs. IWA,L,240,105,43,100,0.43,11,32,0.344,8,10,0.8,10,26,36,16,17,3,13,17,-18.0
22013,1612709911,IWA,Iowa Energy,2021300369,2014-03-27,IWA @ AUS,W,241,123,47,84,0.56,13,26,0.5,16,24,0.667,9,43,52,28,8,6,20,9,18.0
22013,1610612748,MIA,Miami Heat,0021301067,2014-03-26,MIA @ IND,L,240,83,28,61,0.459,6,19,0.316,21,29,0.724,5,32,37,13,6,9,18,22,-1.0
22013,1610612754,IND,Indiana Pacers,0021301067,2014-03-26,IND vs. MIA,W,240,84,30,81,0.37,7,14,0.5,17,21,0.81,11,26,37,18,8,0,10,21,1.0
22013,1610612751,BKN,Brooklyn Nets,0021301061,2014-03-26,BKN @ CHA,L,265,111,40,83,0.482,17,37,0.459,14,16,0.875,3,29,32,29,5,4,9,25,-5.0
22013,1612709915,MNE,Maine Red Claws,2021300366,2014-03-26,MNE @ CTN,L,238,108,40,76,0.526,9,26,0.346,19,30,0.633,6,24,30,20,6,4,15,23,-9.0
22013,1610612738,BOS,Boston Celtics,0021301063,2014-03-26,BOS vs. TOR,L,240,90,32,79,0.405,9,22,0.409,17,22,0.773,8,28,36,23,8,5,9,16,-9.0
22013,1610612752,NYK,New York Knicks,0021301069,2014-03-26,NYK @ SAC,W,242,107,40,73,0.548,15,26,0.577,12,13,0.923,7,27,34,25,3,4,14,30,8.0
22013,1610612737,ATL,Atlanta Hawks,0021301065,2014-03-26,ATL @ MIN,L,241,83,31,82,0.378,7,28,0.25,14,16,0.875,6,34,40,21,9,2,25,16,-24.0
22013,1612709903,IDA,Idaho Stampede,2021300368,2014-03-26,IDA vs. BAK,L,239,85,30,91,0.33,7,26,0.269,18,23,0.783,17,34,51,11,9,6,11,17,-11.0
22013,1610612756,PHX,Phoenix Suns,0021301062,2014-03-26,PHX @ WAS,W,239,99,37,75,0.493,14,28,0.5,11,12,0.917,6,33,39,22,8,4,19,18,6.0
22013,1610612750,MIN,Minnesota Timberwolves,0021301065,2014-03-26,MIN vs. ATL,W,240,107,43,86,0.5,9,22,0.409,12,16,0.75,7,38,45,31,17,1,19,14,24.0
22013,1612709908,RGV,Rio Grande Valley Vipers,2021300367,2014-03-26,RGV vs. IWA,L,240,111,44,117,0.376,12,64,0.188,11,15,0.733,20,27,47,18,12,12,14,22,-34.0
22013,1610612740,NOP,New Orleans Pelicans,0021301066,2014-03-26,NOP vs. LAC,W,241,98,38,90,0.422,3,12,0.25,19,25,0.76,17,36,53,24,6,9,11,20,2.0
22013,1610612743,DEN,Denver Nuggets,0021301068,2014-03-26,DEN @ SAS,L,240,103,38,83,0.458,7,19,0.368,20,25,0.8,9,34,43,22,13,6,18,22,-5.0
22013,1610612758,SAC,Sacramento Kings,0021301069,2014-03-26,SAC vs. NYK,L,240,99,33,69,0.478,6,17,0.353,27,35,0.771,8,24,32,19,7,2,10,18,-8.0
22013,1610612763,MEM,Memphis Grizzlies,0021301070,2014-03-26,MEM @ UTA,W,240,91,36,79,0.456,4,9,0.444,15,16,0.938,10,31,41,22,6,2,10,20,4.0
22013,1612709893,CTN,Canton Charge,2021300366,2014-03-26,CTN vs. MNE,W,238,117,44,82,0.537,4,10,0.4,25,33,0.758,13,31,44,16,7,2,11,23,9.0
22013,1610612761,TOR,Toronto Raptors,0021301063,2014-03-26,TOR @ BOS,W,240,99,36,80,0.45,11,23,0.478,16,18,0.889,11,37,48,17,4,3,16,21,9.0
22013,1610612759,SAS,San Antonio Spurs,0021301068,2014-03-26,SAS vs. DEN,W,240,108,43,88,0.489,8,20,0.4,14,20,0.7,13,30,43,30,11,6,21,18,5.0
22013,1610612746,LAC,Los Angeles Clippers,0021301066,2014-03-26,LAC @ NOP,L,240,96,33,80,0.413,13,30,0.433,17,28,0.607,12,28,40,25,7,9,12,21,-2.0
22013,1610612764,WAS,Washington Wizards,0021301062,2014-03-26,WAS vs. PHX,L,239,93,37,81,0.457,6,19,0.316,13,21,0.619,7,28,35,21,9,1,14,13,-6.0
22013,1610612765,DET,Detroit Pistons,0021301064,2014-03-26,DET vs. CLE,L,240,96,39,84,0.464,11,26,0.423,7,13,0.538,11,37,48,27,5,5,11,18,-1.0
22013,1612709911,IWA,Iowa Energy,2021300367,2014-03-26,IWA @ RGV,W,241,145,55,104,0.529,9,30,0.3,26,34,0.765,18,46,64,26,8,4,18,13,34.0
22013,1612709900,BAK,Bakersfield Jam,2021300368,2014-03-26,BAK @ IDA,W,240,96,39,81,0.481,8,19,0.421,10,16,0.625,9,41,50,15,4,5,14,20,11.0
22013,1610612739,CLE,Cleveland Cavaliers,0021301064,2014-03-26,CLE @ DET,W,242,97,37,85,0.435,9,26,0.346,14,24,0.583,13,32,45,18,3,2,10,13,1.0
22013,1610612762,UTA,Utah Jazz,0021301070,2014-03-26,UTA vs. MEM,L,240,87,32,69,0.464,5,16,0.313,18,26,0.692,6,29,35,22,9,4,12,14,-4.0
22013,1610612766,CHA,Charlotte Bobcats,0021301061,2014-03-26,CHA vs. BKN,W,265,116,46,92,0.5,8,21,0.381,16,23,0.696,15,34,49,27,3,1,8,16,5.0
22013,1610612742,DAL,Dallas Mavericks,0021301059,2014-03-25,DAL vs. OKC,W,266,128,45,90,0.5,15,38,0.395,23,28,0.821,12,36,48,27,14,4,20,22,9.0
22013,1610612753,ORL,Orlando Magic,0021301058,2014-03-25,ORL vs. POR,W,240,95,37,85,0.435,6,17,0.353,15,22,0.682,16,34,50,19,10,3,13,16,10.0
22013,1610612747,LAL,Los Angeles Lakers,0021301060,2014-03-25,LAL vs. NYK,W,240,127,48,83,0.578,18,28,0.643,13,15,0.867,8,30,38,32,10,2,16,23,31.0
22013,1610612752,NYK,New York Knicks,0021301060,2014-03-25,NYK @ LAL,L,239,96,36,74,0.486,4,15,0.267,20,27,0.741,8,24,32,23,9,4,15,16,-31.0
22013,1610612760,OKC,Oklahoma City Thunder,0021301059,2014-03-25,OKC @ DAL,L,265,119,46,93,0.495,12,33,0.364,15,19,0.789,10,28,38,27,9,2,21,30,-9.0
22013,1610612761,TOR,Toronto Raptors,0021301057,2014-03-25,TOR @ CLE,L,240,100,35,88,0.398,14,32,0.438,16,26,0.615,13,25,38,30,6,3,7,24,-2.0
22013,1610612739,CLE,Cleveland Cavaliers,0021301057,2014-03-25,CLE vs. TOR,W,240,102,36,70,0.514,4,13,0.308,26,33,0.788,10,39,49,27,6,9,14,22,2.0
22013,1610612757,POR,Portland Trail Blazers,0021301058,2014-03-25,POR @ ORL,L,240,85,32,86,0.372,7,26,0.269,14,17,0.824,16,34,50,17,4,4,15,14,-10.0
22013,1610612765,DET,Detroit Pistons,0021301055,2014-03-24,DET @ UTA,W,242,114,46,83,0.554,9,17,0.529,13,18,0.722,16,37,53,23,6,2,13,19,20.0
22013,1610612756,PHX,Phoenix Suns,0021301048,2014-03-24,PHX @ ATL,W,241,102,38,74,0.514,12,24,0.5,14,16,0.875,7,32,39,21,10,1,18,25,7.0
22013,1610612757,POR,Portland Trail Blazers,0021301049,2014-03-24,POR @ MIA,L,240,91,28,74,0.378,11,39,0.282,24,27,0.889,10,34,44,18,6,2,15,17,-2.0
22013,1610612737,ATL,Atlanta Hawks,0021301048,2014-03-24,ATL vs. PHX,L,241,95,30,72,0.417,8,23,0.348,27,33,0.818,7,25,32,18,8,3,17,19,-7.0
22013,1610612741,CHI,Chicago Bulls,0021301050,2014-03-24,CHI vs. IND,W,241,89,35,84,0.417,4,15,0.267,15,16,0.938,9,37,46,22,7,7,10,20,12.0
22013,1610612745,HOU,Houston Rockets,0021301047,2014-03-24,HOU @ CHA,W,240,100,39,82,0.476,12,27,0.444,10,18,0.556,11,31,42,22,5,7,12,24,11.0
22013,1610612743,DEN,Denver Nuggets,0021301053,2014-03-24,DEN @ OKC,L,241,96,30,77,0.39,9,28,0.321,27,40,0.675,12,30,42,20,7,2,20,25,-21.0
22013,1610612766,CHA,Charlotte Bobcats,0021301047,2014-03-24,CHA vs. HOU,L,240,89,32,86,0.372,4,21,0.19,21,25,0.84,13,25,38,12,7,4,9,18,-11.0
22013,1610612762,UTA,Utah Jazz,0021301055,2014-03-24,UTA vs. DET,L,241,94,34,83,0.41,7,27,0.259,19,28,0.679,12,21,33,16,7,2,7,17,-20.0
22013,1610612760,OKC,Oklahoma City Thunder,0021301053,2014-03-24,OKC vs. DEN,W,239,117,45,89,0.506,11,22,0.5,16,21,0.762,7,33,40,32,13,6,14,33,21.0
22013,1610612746,LAC,Los Angeles Clippers,0021301056,2014-03-24,LAC vs. MIL,W,240,106,38,78,0.487,8,18,0.444,22,27,0.815,7,33,40,29,7,6,13,17,8.0
22013,1610612748,MIA,Miami Heat,0021301049,2014-03-24,MIA vs. POR,W,239,93,37,84,0.44,5,15,0.333,14,23,0.609,13,35,48,16,14,4,9,24,2.0
22013,1612709900,BAK,Bakersfield Jam,2021300365,2014-03-24,BAK @ LAD,W,241,124,48,107,0.449,6,30,0.2,22,27,0.815,19,34,53,22,13,4,17,21,13.0
22013,1610612751,BKN,Brooklyn Nets,0021301052,2014-03-24,BKN @ NOP,L,267,104,33,90,0.367,10,40,0.25,28,32,0.875,15,31,46,16,9,4,11,21,-5.0
22013,1610612759,SAS,San Antonio Spurs,0021301054,2014-03-24,SAS vs. PHI,W,239,113,44,79,0.557,13,27,0.481,12,16,0.75,6,41,47,31,9,4,17,17,22.0
22013,1610612740,NOP,New Orleans Pelicans,0021301052,2014-03-24,NOP vs. BKN,W,266,109,40,85,0.471,9,20,0.45,20,27,0.741,14,39,53,19,7,5,15,26,5.0
22013,1612709905,LAD,Los Angeles D-Fenders,2021300365,2014-03-24,LAD vs. BAK,L,240,111,37,86,0.43,13,42,0.31,24,32,0.75,10,35,45,21,13,12,23,22,-13.0
22013,1610612754,IND,Indiana Pacers,0021301050,2014-03-24,IND @ CHI,L,241,77,27,73,0.37,4,10,0.4,19,21,0.905,6,36,42,11,5,4,15,21,-12.0
22013,1610612750,MIN,Minnesota Timberwolves,0021301051,2014-03-24,MIN @ MEM,L,240,92,34,90,0.378,7,24,0.292,17,20,0.85,14,28,42,19,7,4,10,14,-17.0
22013,1610612749,MIL,Milwaukee Bucks,0021301056,2014-03-24,MIL @ LAC,L,240,98,41,85,0.482,5,13,0.385,11,16,0.688,11,27,38,27,6,2,10,18,-8.0
22013,1610612763,MEM,Memphis Grizzlies,0021301051,2014-03-24,MEM vs. MIN,W,240,109,48,91,0.527,6,12,0.5,7,13,0.538,16,38,54,25,4,4,14,19,17.0
22013,1610612755,PHI,Philadelphia 76ers,0021301054,2014-03-24,PHI @ SAS,L,241,91,36,88,0.409,11,33,0.333,8,18,0.444,12,25,37,22,13,3,13,15,-22.0
22013,1610612752,NYK,New York Knicks,0021301045,2014-03-23,NYK vs. CLE,L,240,100,35,77,0.455,12,27,0.444,18,19,0.947,9,25,34,21,7,2,12,13,-6.0
22013,1610612751,BKN,Brooklyn Nets,0021301044,2014-03-23,BKN @ DAL,W,266,107,34,84,0.405,11,30,0.367,28,33,0.848,14,33,47,17,8,2,13,29,3.0
22013,1610612756,PHX,Phoenix Suns,0021301041,2014-03-23,PHX @ MIN,W,240,127,46,80,0.575,12,27,0.444,23,29,0.793,9,33,42,16,5,4,19,29,7.0
22013,1610612753,ORL,Orlando Magic,0021301046,2014-03-23,ORL @ LAL,L,241,94,37,82,0.451,6,19,0.316,14,17,0.824,13,33,46,26,5,3,18,24,-9.0
22013,1612709910,FWN,Fort Wayne Mad Ants,2021300364,2014-03-23,FWN @ AUS,W,240,119,45,76,0.592,7,11,0.636,22,28,0.786,7,29,36,17,6,2,17,23,8.0
22013,1610612747,LAL,Los Angeles Lakers,0021301046,2014-03-23,LAL vs. ORL,W,242,103,37,80,0.463,6,16,0.375,23,29,0.793,7,27,34,20,9,4,14,16,9.0
22013,1610612761,TOR,Toronto Raptors,0021301040,2014-03-23,TOR vs. ATL,W,240,96,34,80,0.425,8,24,0.333,20,28,0.714,12,33,45,17,12,4,16,19,10.0
22013,1610612742,DAL,Dallas Mavericks,0021301044,2014-03-23,DAL vs. BKN,L,264,104,35,91,0.385,10,31,0.323,24,31,0.774,18,34,52,21,2,9,13,25,-3.0
22013,1610612749,MIL,Milwaukee Bucks,0021301043,2014-03-23,MIL @ SAC,L,240,107,42,85,0.494,4,18,0.222,19,30,0.633,11,29,40,25,3,6,12,31,-17.0
22013,1610612737,ATL,Atlanta Hawks,0021301040,2014-03-23,ATL @ TOR,L,240,86,33,76,0.434,5,20,0.25,15,20,0.75,8,30,38,17,13,2,16,19,-10.0
22013,1610612758,SAC,Sacramento Kings,0021301043,2014-03-23,SAC vs. MIL,W,239,124,44,86,0.512,7,20,0.35,29,36,0.806,13,31,44,19,5,3,10,23,17.0
22013,1612709917,SPG,Springfield Armor,2021300363,2014-03-23,SPG @ MNE,L,239,95,35,95,0.368,8,26,0.308,17,27,0.63,20,36,56,17,10,7,15,22,-5.0
22013,1610612764,WAS,Washington Wizards,0021301042,2014-03-23,WAS @ DEN,L,240,102,41,85,0.482,5,15,0.333,15,18,0.833,12,34,46,20,8,7,24,20,-3.0
22013,1612709915,MNE,Maine Red Claws,2021300363,2014-03-23,MNE vs. SPG,W,240,100,34,77,0.442,9,18,0.5,23,27,0.852,4,37,41,20,8,12,12,24,5.0
22013,1610612743,DEN,Denver Nuggets,0021301042,2014-03-23,DEN vs. WAS,W,240,105,40,91,0.44,11,27,0.407,14,18,0.778,10,28,38,26,15,6,15,20,3.0
22013,1610612750,MIN,Minnesota Timberwolves,0021301041,2014-03-23,MIN vs. PHX,L,240,120,40,91,0.44,8,23,0.348,32,37,0.865,16,22,38,25,9,3,12,24,-7.0
22013,1610612739,CLE,Cleveland Cavaliers,0021301045,2014-03-23,CLE @ NYK,W,239,106,42,69,0.609,9,18,0.5,13,17,0.765,3,30,33,17,5,3,13,18,6.0
22013,1612709890,AUS,Austin Toros,2021300364,2014-03-23,AUS vs. FWN,L,239,111,38,81,0.469,11,29,0.379,24,30,0.8,13,25,38,19,11,2,15,25,-8.0
22013,1612709900,BAK,Bakersfield Jam,2021300362,2014-03-22,BAK vs. RNO,W,240,114,44,81,0.543,9,21,0.429,17,23,0.739,6,32,38,21,9,4,17,21,9.0
22013,1610612746,LAC,Los Angeles Clippers,0021301039,2014-03-22,LAC vs. DET,W,240,112,45,83,0.542,11,29,0.379,11,17,0.647,7,33,40,31,13,10,13,15,9.0
22013,1612709914,RNO,Reno Bighorns,2021300362,2014-03-22,RNO @ BAK,L,240,105,37,80,0.463,14,28,0.5,17,24,0.708,10,25,35,23,7,6,18,23,-9.0
22013,1610612741,CHI,Chicago Bulls,0021301034,2014-03-22,CHI vs. PHI,W,242,91,31,70,0.443,5,14,0.357,24,31,0.774,11,33,44,23,6,9,15,20,10.0
22013,1612709889,TUL,Tulsa 66ers,2021300359,2014-03-22,TUL @ IWA,L,241,101,38,95,0.4,12,27,0.444,13,20,0.65,15,35,50,17,7,2,17,22,-9.4
22013,1612709909,DEL,Delaware 87ers,2021300358,2014-03-22,DEL vs. CTN,L,239,100,37,81,0.457,10,22,0.455,16,27,0.593,9,24,33,15,10,7,20,21,-14.0
22013,1610612744,GSW,Golden State Warriors,0021301038,2014-03-22,GSW vs. SAS,L,240,90,31,77,0.403,3,15,0.2,25,29,0.862,11,43,54,21,4,8,18,20,-9.0
22013,1610612765,DET,Detroit Pistons,0021301039,2014-03-22,DET @ LAC,L,239,103,42,93,0.452,12,29,0.414,7,13,0.538,16,30,46,29,9,2,15,15,-9.0
22013,1612709904,SXF,Sioux Falls Skyforce,2021300360,2014-03-22,SXF vs. IDA,W,240,108,42,75,0.56,12,24,0.5,12,18,0.667,9,30,39,30,8,9,21,22,12.0
22013,1612709902,SCW,Santa Cruz Warriors,2021300361,2014-03-22,SCW @ LAD,L,240,121,49,104,0.471,3,15,0.2,20,25,0.8,19,43,62,25,5,6,18,19,-19.0
22013,1610612759,SAS,San Antonio Spurs,0021301038,2014-03-22,SAS @ GSW,W,240,99,35,89,0.393,10,28,0.357,19,25,0.76,9,31,40,24,10,6,11,18,9.0
22013,1612709903,IDA,Idaho Stampede,2021300360,2014-03-22,IDA @ SXF,L,240,96,33,85,0.388,3,19,0.158,27,37,0.73,16,24,40,24,13,4,14,13,-12.0
22013,1610612739,CLE,Cleveland Cavaliers,0021301033,2014-03-22,CLE vs. HOU,L,241,111,46,92,0.5,6,17,0.353,13,17,0.765,13,36,49,32,7,4,16,27,-7.0
22013,1610612763,MEM,Memphis Grizzlies,0021301035,2014-03-22,MEM vs. IND,W,242,82,33,75,0.44,5,13,0.385,11,17,0.647,10,37,47,14,4,8,12,18,11.0
22013,1610612748,MIA,Miami Heat,0021301036,2014-03-22,MIA @ NOP,L,240,95,37,73,0.507,8,26,0.308,13,17,0.765,5,28,33,27,4,6,15,19,-10.0
22013,1610612757,POR,Portland Trail Blazers,0021301032,2014-03-22,POR @ CHA,L,242,94,34,84,0.405,9,27,0.333,17,22,0.773,8,28,36,17,4,3,9,18,-30.0
22013,1610612745,HOU,Houston Rockets,0021301033,2014-03-22,HOU @ CLE,W,239,118,38,79,0.481,12,35,0.343,30,34,0.882,5,26,31,31,9,10,13,18,7.0
22013,1610612754,IND,Indiana Pacers,0021301035,2014-03-22,IND @ MEM,L,241,71,27,74,0.365,6,15,0.4,11,14,0.786,8,27,35,14,7,5,10,19,-11.0
22013,1612709905,LAD,Los Angeles D-Fenders,2021300361,2014-03-22,LAD vs. SCW,W,239,140,48,98,0.49,24,54,0.444,20,28,0.714,8,36,44,34,13,8,8,18,19.0
22013,1612709893,CTN,Canton Charge,2021300358,2014-03-22,CTN @ DEL,W,240,114,47,88,0.534,6,24,0.25,14,18,0.778,14,40,54,31,11,3,16,20,14.0
22013,1612709911,IWA,Iowa Energy,2021300359,2014-03-22,IWA vs. TUL,W,241,112,45,87,0.517,2,18,0.111,20,28,0.714,9,37,46,19,13,0,14,16,11.0
22013,1610612762,UTA,Utah Jazz,0021301037,2014-03-22,UTA vs. ORL,W,241,89,29,75,0.387,11,27,0.407,20,26,0.769,6,33,39,17,6,6,14,20,1.0
22013,1610612753,ORL,Orlando Magic,0021301037,2014-03-22,ORL @ UTA,L,241,88,31,79,0.392,7,17,0.412,19,24,0.792,6,39,45,20,7,5,13,23,-1.0
22013,1610612766,CHA,Charlotte Bobcats,0021301032,2014-03-22,CHA vs. POR,W,241,124,49,94,0.521,8,19,0.421,18,19,0.947,12,38,50,28,7,8,5,19,30.0
22013,1610612755,PHI,Philadelphia 76ers,0021301034,2014-03-22,PHI @ CHI,L,241,81,30,87,0.345,1,20,0.05,20,22,0.909,19,29,48,11,3,6,10,23,-10.0
22013,1610612740,NOP,New Orleans Pelicans,0021301036,2014-03-22,NOP vs. MIA,W,240,105,43,84,0.512,7,17,0.412,12,17,0.706,11,27,38,23,12,4,6,14,10.0
22013,1610612754,IND,Indiana Pacers,0021301022,2014-03-21,IND vs. CHI,W,240,91,34,79,0.43,2,11,0.182,21,25,0.84,13,38,51,27,4,9,16,18,12.0
22013,1610612737,ATL,Atlanta Hawks,0021301025,2014-03-21,ATL vs. NOP,L,240,105,38,85,0.447,8,28,0.286,21,27,0.778,8,26,34,22,7,3,16,29,-6.0
22013,1612709902,SCW,Santa Cruz Warriors,2021300357,2014-03-21,SCW @ RNO,W,241,99,37,82,0.451,6,17,0.353,19,22,0.864,12,24,36,24,11,3,19,21,4.0
22013,1612709915,MNE,Maine Red Claws,2021300354,2014-03-21,MNE @ DEL,L,240,142,51,98,0.52,14,28,0.5,26,39,0.667,14,35,49,34,11,3,21,21,-5.0
22013,1610612743,DEN,Denver Nuggets,0021301028,2014-03-21,DEN @ DAL,L,240,106,40,81,0.494,13,30,0.433,13,21,0.619,10,25,35,24,8,4,16,19,-16.0
22013,1612709914,RNO,Reno Bighorns,2021300357,2014-03-21,RNO vs. SCW,L,240,95,39,90,0.433,5,21,0.238,12,18,0.667,24,23,47,23,11,3,21,24,-4.0
22013,1612709890,AUS,Austin Toros,2021300356,2014-03-21,AUS @ RGV,W,241,137,46,84,0.548,13,33,0.394,32,41,0.78,11,35,46,23,10,6,15,17,4.8
22013,1610612764,WAS,Washington Wizards,0021301031,2014-03-21,WAS @ LAL,W,240,117,42,87,0.483,10,25,0.4,23,29,0.793,9,35,44,21,9,7,19,22,10.0
22013,1610612742,DAL,Dallas Mavericks,0021301028,2014-03-21,DAL vs. DEN,W,240,122,48,89,0.539,12,22,0.545,14,17,0.824,15,33,48,28,11,5,16,18,16.0
22013,1612709904,SXF,Sioux Falls Skyforce,2021300355,2014-03-21,SXF vs. IDA,W,240,103,38,85,0.447,3,24,0.125,24,30,0.8,7,39,46,26,11,16,17,24,9.0
22013,1612709917,SPG,Springfield Armor,2021300353,2014-03-21,SPG vs. CTN,W,241,95,35,81,0.432,6,23,0.261,19,32,0.594,15,29,44,17,11,3,15,22,9.0
22013,1610612751,BKN,Brooklyn Nets,0021301026,2014-03-21,BKN vs. BOS,W,239,114,44,78,0.564,9,17,0.529,17,24,0.708,7,32,39,30,6,3,11,17,16.0
22013,1610612756,PHX,Phoenix Suns,0021301029,2014-03-21,PHX vs. DET,W,240,98,33,73,0.452,8,25,0.32,24,35,0.686,4,35,39,17,11,7,11,21,6.0
22013,1610612740,NOP,New Orleans Pelicans,0021301025,2014-03-21,NOP @ ATL,W,239,111,36,70,0.514,4,13,0.308,35,43,0.814,7,33,40,20,10,6,15,28,6.0
22013,1612709909,DEL,Delaware 87ers,2021300354,2014-03-21,DEL vs. MNE,W,241,147,59,97,0.608,12,26,0.462,17,26,0.654,5,31,36,33,15,16,17,28,5.0
22013,1610612760,OKC,Oklahoma City Thunder,0021301024,2014-03-21,OKC @ TOR,W,289,119,38,98,0.388,12,36,0.333,31,38,0.816,9,38,47,18,10,4,14,30,1.0
22013,1612709908,RGV,Rio Grande Valley Vipers,2021300356,2014-03-21,RGV vs. AUS,L,242,133,51,98,0.52,18,46,0.391,13,22,0.591,12,29,41,21,9,2,14,28,-4.0
22013,1610612752,NYK,New York Knicks,0021301023,2014-03-21,NYK @ PHI,W,242,93,34,82,0.415,7,29,0.241,18,25,0.72,9,38,47,29,6,2,11,17,1.0
22013,1610612758,SAC,Sacramento Kings,0021301030,2014-03-21,SAC vs. SAS,L,238,79,32,80,0.4,4,14,0.286,11,18,0.611,7,41,48,17,3,9,15,22,-20.0
22013,1610612747,LAL,Los Angeles Lakers,0021301031,2014-03-21,LAL vs. WAS,L,241,107,43,91,0.473,7,19,0.368,14,23,0.609,11,33,44,32,12,5,21,22,-10.0
22013,1612709903,IDA,Idaho Stampede,2021300355,2014-03-21,IDA @ SXF,L,239,94,33,89,0.371,4,14,0.286,24,30,0.8,16,35,51,22,11,4,19,22,-9.0
22013,1610612765,DET,Detroit Pistons,0021301029,2014-03-21,DET @ PHX,L,240,92,39,90,0.433,4,16,0.25,10,26,0.385,14,39,53,22,8,3,19,27,-6.0
22013,1610612748,MIA,Miami Heat,0021301027,2014-03-21,MIA vs. MEM,W,239,91,35,75,0.467,7,20,0.35,14,16,0.875,10,24,34,20,9,5,14,18,5.0
22013,1610612759,SAS,San Antonio Spurs,0021301030,2014-03-21,SAS @ SAC,W,241,99,36,93,0.387,5,25,0.2,22,27,0.815,13,39,52,18,7,7,9,17,20.0
22013,1610612763,MEM,Memphis Grizzlies,0021301027,2014-03-21,MEM @ MIA,L,240,86,36,79,0.456,3,14,0.214,11,17,0.647,15,28,43,17,7,1,15,19,-5.0
22013,1610612755,PHI,Philadelphia 76ers,0021301023,2014-03-21,PHI vs. NYK,L,240,92,34,91,0.374,10,41,0.244,14,21,0.667,19,34,53,20,8,1,10,22,-1.0
22013,1610612741,CHI,Chicago Bulls,0021301022,2014-03-21,CHI @ IND,L,240,79,28,77,0.364,5,11,0.455,18,24,0.75,10,26,36,17,12,10,13,25,-12.0
22013,1610612738,BOS,Boston Celtics,0021301026,2014-03-21,BOS @ BKN,L,240,98,35,83,0.422,9,27,0.333,19,23,0.826,12,25,37,20,7,3,11,18,-16.0
22013,1610612761,TOR,Toronto Raptors,0021301024,2014-03-21,TOR vs. OKC,L,289,118,41,101,0.406,8,29,0.276,28,33,0.848,14,43,57,17,10,8,18,32,-1.0
22013,1612709893,CTN,Canton Charge,2021300353,2014-03-21,CTN @ SPG,L,240,86,32,80,0.4,6,25,0.24,16,24,0.667,11,33,44,13,6,2,20,27,-9.0
22013,1612709911,IWA,Iowa Energy,2021300349,2014-03-20,IWA vs. FWN,W,239,129,41,80,0.513,11,22,0.5,36,44,0.818,10,29,39,21,10,6,14,31,1.0
22013,1610612739,CLE,Cleveland Cavaliers,0021301018,2014-03-20,CLE vs. OKC,L,240,95,36,81,0.444,8,22,0.364,15,24,0.625,9,27,36,27,9,0,12,20,-7.0
22013,1610612744,GSW,Golden State Warriors,0021301021,2014-03-20,GSW vs. MIL,W,239,115,43,80,0.538,8,27,0.296,21,25,0.84,8,34,42,26,6,3,15,28,5.0
22013,1612709917,SPG,Springfield Armor,2021300348,2014-03-20,SPG vs. ERI,L,241,104,34,93,0.366,6,29,0.207,30,44,0.682,21,36,57,12,4,5,9,16,-3.0
22013,1610612750,MIN,Minnesota Timberwolves,0021301019,2014-03-20,MIN @ HOU,L,240,106,38,87,0.437,12,28,0.429,18,23,0.783,14,26,40,28,6,3,14,16,-23.0
22013,1612709905,LAD,Los Angeles D-Fenders,2021300352,2014-03-20,LAD @ AUS,W,241,126,50,91,0.549,15,35,0.429,11,18,0.611,10,35,45,30,8,3,14,17,13.0
22013,1612709908,RGV,Rio Grande Valley Vipers,2021300351,2014-03-20,RGV vs. BAK,L,240,122,47,103,0.456,20,60,0.333,8,13,0.615,10,24,34,27,12,5,7,23,-9.0
22013,1610612760,OKC,Oklahoma City Thunder,0021301018,2014-03-20,OKC @ CLE,W,240,102,38,89,0.427,10,31,0.323,16,20,0.8,18,35,53,21,8,7,16,21,7.0
22013,1612709889,TUL,Tulsa 66ers,2021300350,2014-03-20,TUL vs. TEX,W,240,110,39,85,0.459,9,26,0.346,23,30,0.767,14,26,40,19,14,6,15,18,10.0
22013,1610612745,HOU,Houston Rockets,0021301019,2014-03-20,HOU vs. MIN,W,239,129,49,85,0.576,16,38,0.421,15,19,0.789,9,35,44,36,11,7,15,20,23.0
22013,1612709918,TEX,Texas Legends,2021300350,2014-03-20,TEX @ TUL,L,240,100,38,84,0.452,8,26,0.308,16,21,0.762,14,33,47,18,6,4,21,22,-10.0
22013,1612709910,FWN,Fort Wayne Mad Ants,2021300349,2014-03-20,FWN @ IWA,L,240,128,44,104,0.423,11,29,0.379,29,39,0.744,24,32,56,19,4,2,14,33,-1.0
22013,1612709890,AUS,Austin Toros,2021300352,2014-03-20,AUS vs. LAD,L,239,113,39,87,0.448,14,38,0.368,21,24,0.875,7,32,39,21,6,3,15,16,-13.0
22013,1612709913,ERI,Erie BayHawks,2021300348,2014-03-20,ERI @ SPG,W,240,107,45,89,0.506,6,18,0.333,11,15,0.733,7,39,46,23,6,10,8,27,3.0
22013,1610612749,MIL,Milwaukee Bucks,0021301021,2014-03-20,MIL @ GSW,L,240,110,39,80,0.488,3,12,0.25,29,39,0.744,7,29,36,23,7,1,10,21,-5.0
22013,1610612757,POR,Portland Trail Blazers,0021301020,2014-03-20,POR vs. WAS,W,240,116,41,81,0.506,14,35,0.4,20,25,0.8,11,32,43,32,5,1,9,18,13.0
22013,1612709900,BAK,Bakersfield Jam,2021300351,2014-03-20,BAK @ RGV,W,241,131,46,82,0.561,14,28,0.5,25,33,0.758,11,43,54,25,3,4,17,15,9.0
22013,1610612764,WAS,Washington Wizards,0021301020,2014-03-20,WAS @ POR,L,239,103,38,90,0.422,12,27,0.444,15,17,0.882,15,28,43,25,5,5,11,21,-13.0
22013,1610612754,IND,Indiana Pacers,0021301013,2014-03-19,IND @ NYK,L,239,86,31,73,0.425,5,23,0.217,19,27,0.704,6,34,40,12,3,5,13,25,-6.0
22013,1610612748,MIA,Miami Heat,0021301009,2014-03-19,MIA @ BOS,L,240,96,40,81,0.494,4,17,0.235,12,15,0.8,11,26,37,29,9,5,12,15,-5.0
22013,1610612753,ORL,Orlando Magic,0021301016,2014-03-19,ORL @ PHX,L,239,93,32,80,0.4,6,13,0.462,23,30,0.767,13,30,43,18,9,3,19,15,-16.0
22013,1610612750,MIN,Minnesota Timberwolves,0021301014,2014-03-19,MIN @ DAL,W,263,123,44,92,0.478,10,29,0.345,25,31,0.806,8,38,46,25,8,4,13,18,1.0
22013,1610612751,BKN,Brooklyn Nets,0021301010,2014-03-19,BKN vs. CHA,W,242,104,37,75,0.493,9,20,0.45,21,35,0.6,8,31,39,19,7,2,7,17,5.0
22013,1610612761,TOR,Toronto Raptors,0021301012,2014-03-19,TOR @ NOP,W,240,107,36,86,0.419,9,22,0.409,26,32,0.813,22,26,48,20,8,5,11,20,7.0
22013,1610612756,PHX,Phoenix Suns,0021301016,2014-03-19,PHX vs. ORL,W,239,109,45,89,0.506,11,25,0.44,8,12,0.667,10,33,43,22,11,6,16,22,16.0
22013,1610612742,DAL,Dallas Mavericks,0021301014,2014-03-19,DAL vs. MIN,L,266,122,47,95,0.495,9,27,0.333,19,25,0.76,10,41,51,26,9,4,16,25,-1.0
22013,1610612752,NYK,New York Knicks,0021301013,2014-03-19,NYK vs. IND,W,241,92,32,82,0.39,4,17,0.235,24,29,0.828,10,35,45,15,6,2,10,26,6.0
22013,1610612755,PHI,Philadelphia 76ers,0021301008,2014-03-19,PHI vs. CHI,L,241,94,37,81,0.457,11,24,0.458,9,19,0.474,9,29,38,22,13,6,11,21,-8.0
22013,1612709918,TEX,Texas Legends,2021300347,2014-03-19,TEX vs. BAK,L,241,106,34,83,0.41,8,29,0.276,30,38,0.789,19,31,50,24,6,2,16,28,-8.0
22013,1610612743,DEN,Denver Nuggets,0021301015,2014-03-19,DEN vs. DET,W,239,118,44,86,0.512,11,27,0.407,19,27,0.704,10,36,46,27,7,5,12,24,9.0
22013,1610612747,LAL,Los Angeles Lakers,0021301017,2014-03-19,LAL vs. SAS,L,240,109,39,91,0.429,9,26,0.346,22,29,0.759,12,34,46,19,10,6,12,19,-16.0
22013,1610612765,DET,Detroit Pistons,0021301015,2014-03-19,DET @ DEN,L,240,109,43,95,0.453,10,26,0.385,13,19,0.684,12,31,43,22,8,4,12,20,-9.0
22013,1610612766,CHA,Charlotte Bobcats,0021301010,2014-03-19,CHA @ BKN,L,240,99,40,85,0.471,9,27,0.333,10,12,0.833,15,36,51,27,2,5,15,26,-5.0
22013,1612709900,BAK,Bakersfield Jam,2021300347,2014-03-19,BAK @ TEX,W,240,114,36,85,0.424,7,24,0.292,35,41,0.854,16,30,46,20,9,3,10,28,8.0
22013,1610612762,UTA,Utah Jazz,0021301011,2014-03-19,UTA @ MEM,L,240,86,37,84,0.44,7,18,0.389,5,10,0.5,10,29,39,20,7,2,15,22,-10.0
22013,1610612759,SAS,San Antonio Spurs,0021301017,2014-03-19,SAS @ LAL,W,240,125,50,95,0.526,12,27,0.444,13,16,0.813,9,43,52,34,9,6,12,21,16.0
22013,1610612763,MEM,Memphis Grizzlies,0021301011,2014-03-19,MEM vs. UTA,W,239,96,36,81,0.444,2,11,0.182,22,25,0.88,11,35,46,21,9,5,12,18,10.0
22013,1610612741,CHI,Chicago Bulls,0021301008,2014-03-19,CHI @ PHI,W,239,102,36,83,0.434,8,15,0.533,22,27,0.815,14,38,52,22,4,8,15,19,8.0
22013,1610612740,NOP,New Orleans Pelicans,0021301012,2014-03-19,NOP vs. TOR,L,240,100,36,67,0.537,4,13,0.308,24,32,0.75,5,29,34,16,4,6,12,25,-7.0
22013,1610612738,BOS,Boston Celtics,0021301009,2014-03-19,BOS vs. MIA,W,240,101,39,77,0.506,13,28,0.464,10,12,0.833,9,27,36,29,1,2,13,18,5.0
22013,1610612764,WAS,Washington Wizards,0021301006,2014-03-18,WAS @ SAC,L,264,111,40,91,0.44,11,28,0.393,20,30,0.667,11,30,41,28,11,2,15,32,-6.0
22013,1610612758,SAC,Sacramento Kings,0021301006,2014-03-18,SAC vs. WAS,W,266,117,40,87,0.46,6,18,0.333,31,40,0.775,16,41,57,18,8,2,20,29,6.0
22013,1610612753,ORL,Orlando Magic,0021301007,2014-03-18,ORL @ GSW,L,240,89,35,77,0.455,4,13,0.308,15,20,0.75,5,35,40,22,2,2,16,17,-14.0
22013,1610612744,GSW,Golden State Warriors,0021301007,2014-03-18,GSW vs. ORL,W,240,103,37,82,0.451,10,27,0.37,19,21,0.905,9,35,44,21,7,2,11,19,14.0
22013,1610612737,ATL,Atlanta Hawks,0021301004,2014-03-18,ATL vs. TOR,W,265,118,40,94,0.426,11,34,0.324,27,31,0.871,10,30,40,24,9,0,7,24,5.0
22013,1612709905,LAD,Los Angeles D-Fenders,2021300345,2014-03-18,LAD @ FWN,L,240,121,45,95,0.474,21,47,0.447,10,19,0.526,9,29,38,25,12,1,15,22,-4.0
22013,1612709908,RGV,Rio Grande Valley Vipers,2021300346,2014-03-18,RGV @ RNO,L,240,111,39,97,0.402,13,46,0.283,20,31,0.645,21,31,52,21,5,5,21,23,-27.0
22013,1610612748,MIA,Miami Heat,0021301003,2014-03-18,MIA @ CLE,W,240,100,34,75,0.453,12,30,0.4,20,31,0.645,7,29,36,22,10,7,14,18,4.0
22013,1612709914,RNO,Reno Bighorns,2021300346,2014-03-18,RNO vs. RGV,W,240,138,56,98,0.571,10,24,0.417,16,20,0.8,10,42,52,34,9,6,12,22,27.0
22013,1610612757,POR,Portland Trail Blazers,0021301005,2014-03-18,POR vs. MIL,W,264,120,42,97,0.433,12,39,0.308,24,27,0.889,11,36,47,25,6,5,16,22,5.0
22013,1610612749,MIL,Milwaukee Bucks,0021301005,2014-03-18,MIL @ POR,L,266,115,45,98,0.459,8,17,0.471,17,26,0.654,12,41,53,28,10,3,19,31,-5.0
22013,1612709910,FWN,Fort Wayne Mad Ants,2021300345,2014-03-18,FWN vs. LAD,W,242,125,48,84,0.571,7,15,0.467,22,31,0.71,11,40,51,23,5,4,23,22,4.0
22013,1610612739,CLE,Cleveland Cavaliers,0021301003,2014-03-18,CLE vs. MIA,L,240,96,37,72,0.514,7,22,0.318,15,22,0.682,4,37,41,27,6,5,19,28,-4.0
22013,1610612761,TOR,Toronto Raptors,0021301004,2014-03-18,TOR @ ATL,L,265,113,40,81,0.494,7,24,0.292,26,29,0.897,8,42,50,21,2,3,15,31,-5.0
22013,1612709908,RGV,Rio Grande Valley Vipers,2021300344,2014-03-17,RGV @ RNO,W,240,126,44,95,0.463,19,51,0.373,19,23,0.826,9,38,47,26,3,10,18,26,7.0
22013,1610612766,CHA,Charlotte Bobcats,0021300996,2014-03-17,CHA vs. ATL,L,240,83,30,85,0.353,9,25,0.36,14,16,0.875,10,32,42,22,4,7,6,15,-14.0
22013,1610612737,ATL,Atlanta Hawks,0021300996,2014-03-17,ATL @ CHA,W,240,97,39,85,0.459,13,34,0.382,6,7,0.857,10,41,51,27,3,9,13,20,14.0
22013,1610612756,PHX,Phoenix Suns,0021300998,2014-03-17,PHX @ BKN,L,239,95,37,80,0.463,6,22,0.273,15,28,0.536,12,28,40,18,9,2,16,24,-13.0
22013,1612709914,RNO,Reno Bighorns,2021300344,2014-03-17,RNO vs. RGV,L,240,119,42,108,0.389,6,18,0.333,29,39,0.744,27,39,66,23,11,10,12,21,-7.0
22013,1612709917,SPG,Springfield Armor,2021300342,2014-03-17,SPG vs. ERI,W,241,112,42,90,0.467,9,27,0.333,19,26,0.731,18,35,53,16,6,7,17,19,9.0
22013,1612709904,SXF,Sioux Falls Skyforce,2021300343,2014-03-17,SXF @ IWA,L,239,121,49,90,0.544,14,27,0.519,9,16,0.563,12,25,37,21,12,1,16,19,-8.0
22013,1610612755,PHI,Philadelphia 76ers,0021300997,2014-03-17,PHI @ IND,L,240,90,35,81,0.432,9,23,0.391,11,20,0.55,11,34,45,21,3,6,18,33,-9.0
22013,1610612745,HOU,Houston Rockets,0021301000,2014-03-17,HOU vs. UTA,W,240,124,46,79,0.582,13,25,0.52,19,26,0.731,8,38,46,31,7,12,19,22,38.0
22013,1610612762,UTA,Utah Jazz,0021301000,2014-03-17,UTA @ HOU,L,241,86,34,83,0.41,4,18,0.222,14,18,0.778,9,25,34,21,9,4,19,25,-38.0
22013,1610612741,CHI,Chicago Bulls,0021300999,2014-03-17,CHI vs. OKC,L,240,85,29,84,0.345,5,22,0.227,22,31,0.71,13,33,46,21,7,4,5,15,-12.0
22013,1610612742,DAL,Dallas Mavericks,0021301001,2014-03-17,DAL vs. BOS,W,240,94,33,78,0.423,9,27,0.333,19,21,0.905,6,30,36,20,7,4,13,17,5.0
22013,1612709913,ERI,Erie BayHawks,2021300342,2014-03-17,ERI @ SPG,L,240,103,40,96,0.417,4,17,0.235,19,26,0.731,15,26,41,16,12,1,12,23,-9.0
22013,1610612754,IND,Indiana Pacers,0021300997,2014-03-17,IND vs. PHI,W,240,99,31,81,0.383,6,18,0.333,31,38,0.816,16,36,52,13,9,4,15,17,9.0
22013,1610612743,DEN,Denver Nuggets,0021301002,2014-03-17,DEN vs. LAC,W,240,110,38,93,0.409,6,25,0.24,28,33,0.848,19,36,55,22,11,4,16,23,10.0
22013,1610612760,OKC,Oklahoma City Thunder,0021300999,2014-03-17,OKC @ CHI,W,240,97,31,75,0.413,13,25,0.52,22,28,0.786,6,40,46,20,3,6,11,27,12.0
22013,1610612738,BOS,Boston Celtics,0021301001,2014-03-17,BOS @ DAL,L,240,89,34,93,0.366,9,22,0.409,12,14,0.857,21,36,57,20,8,1,16,19,-5.0
22013,1610612746,LAC,Los Angeles Clippers,0021301002,2014-03-17,LAC @ DEN,L,241,100,36,92,0.391,5,21,0.238,23,25,0.92,16,27,43,22,13,5,15,28,-10.0
22013,1612709911,IWA,Iowa Energy,2021300343,2014-03-17,IWA vs. SXF,W,239,129,42,78,0.538,16,29,0.552,29,33,0.879,7,31,38,31,12,5,17,11,8.0
22013,1610612751,BKN,Brooklyn Nets,0021300998,2014-03-17,BKN vs. PHX,W,240,108,41,70,0.586,9,21,0.429,17,27,0.63,6,30,36,23,12,3,16,24,13.0
22013,1612709913,ERI,Erie BayHawks,2021300339,2014-03-16,ERI @ MNE,L,241,110,42,89,0.472,8,21,0.381,18,25,0.72,14,29,43,21,6,4,22,32,-4.0
22013,1610612746,LAC,Los Angeles Clippers,0021300995,2014-03-16,LAC vs. CLE,W,239,102,42,94,0.447,8,28,0.286,10,15,0.667,10,31,41,32,8,3,5,20,22.0
22013,1610612745,HOU,Houston Rockets,0021300989,2014-03-16,HOU @ MIA,L,240,104,37,75,0.493,9,23,0.391,21,28,0.75,10,24,34,18,11,4,15,21,-9.0
22013,1612709889,TUL,Tulsa 66ers,2021300341,2014-03-16,TUL vs. BAK,L,240,113,43,89,0.483,8,24,0.333,19,26,0.731,12,27,39,22,10,1,17,26,-5.0
22013,1610612758,SAC,Sacramento Kings,0021300991,2014-03-16,SAC @ MIN,L,241,102,41,85,0.482,6,19,0.316,14,19,0.737,11,37,48,17,5,4,16,25,-2.0
22013,1610612740,NOP,New Orleans Pelicans,0021300990,2014-03-16,NOP vs. BOS,W,265,121,47,94,0.5,3,15,0.2,24,28,0.857,12,32,44,25,8,9,12,17,1.0
22013,1610612757,POR,Portland Trail Blazers,0021300994,2014-03-16,POR vs. GSW,L,240,112,37,88,0.42,12,28,0.429,26,30,0.867,12,36,48,25,6,4,12,16,-1.0
22013,1610612739,CLE,Cleveland Cavaliers,0021300995,2014-03-16,CLE @ LAC,L,241,80,29,83,0.349,8,24,0.333,14,20,0.7,16,32,48,19,2,1,17,17,-22.0
22013,1610612748,MIA,Miami Heat,0021300989,2014-03-16,MIA vs. HOU,W,241,113,40,78,0.513,9,22,0.409,24,29,0.828,7,24,31,21,9,3,13,21,9.0
22013,1612709900,BAK,Bakersfield Jam,2021300341,2014-03-16,BAK @ TUL,W,240,118,37,76,0.487,7,21,0.333,37,40,0.925,9,31,40,14,8,1,20,21,5.0
22013,1610612750,MIN,Minnesota Timberwolves,0021300991,2014-03-16,MIN vs. SAC,W,240,104,34,78,0.436,6,17,0.353,30,38,0.789,7,28,35,23,9,5,9,17,2.0
22013,1610612762,UTA,Utah Jazz,0021300993,2014-03-16,UTA @ SAS,L,242,104,42,91,0.462,5,11,0.455,15,21,0.714,13,26,39,19,8,3,8,18,-18.0
22013,1610612742,DAL,Dallas Mavericks,0021300992,2014-03-16,DAL @ OKC,W,240,109,40,75,0.533,13,24,0.542,16,20,0.8,8,34,42,26,9,4,18,17,23.0
22013,1610612756,PHX,Phoenix Suns,0021300988,2014-03-16,PHX @ TOR,W,240,121,38,75,0.507,11,23,0.478,34,38,0.895,12,33,45,17,5,4,21,23,8.0
22013,1610612766,CHA,Charlotte Bobcats,0021300987,2014-03-16,CHA @ MIL,W,240,101,39,68,0.574,9,20,0.45,14,18,0.778,6,33,39,26,5,8,17,16,9.0
22013,1610612759,SAS,San Antonio Spurs,0021300993,2014-03-16,SAS vs. UTA,W,239,122,49,78,0.628,10,16,0.625,14,19,0.737,4,36,40,31,4,5,12,19,18.0
22013,1610612760,OKC,Oklahoma City Thunder,0021300992,2014-03-16,OKC vs. DAL,L,240,86,29,79,0.367,9,29,0.31,19,27,0.704,10,23,33,17,5,4,14,21,-23.0
22013,1612709909,DEL,Delaware 87ers,2021300340,2014-03-16,DEL @ FWN,L,241,111,44,89,0.494,8,25,0.32,15,24,0.625,7,37,44,20,8,4,19,27,-17.0
22013,1610612738,BOS,Boston Celtics,0021300990,2014-03-16,BOS @ NOP,L,264,120,45,97,0.464,12,26,0.462,18,23,0.783,13,36,49,33,7,8,16,26,-1.0
22013,1612709910,FWN,Fort Wayne Mad Ants,2021300340,2014-03-16,FWN vs. DEL,W,240,128,43,97,0.443,16,32,0.5,26,31,0.839,17,34,51,26,9,2,15,19,17.0
22013,1612709915,MNE,Maine Red Claws,2021300339,2014-03-16,MNE vs. ERI,W,239,114,39,75,0.52,6,17,0.353,30,51,0.588,12,28,40,25,11,9,16,25,4.0
22013,1610612744,GSW,Golden State Warriors,0021300994,2014-03-16,GSW @ POR,W,241,113,42,88,0.477,11,30,0.367,18,22,0.818,10,31,41,17,7,7,12,29,1.0
22013,1610612749,MIL,Milwaukee Bucks,0021300987,2014-03-16,MIL vs. CHA,L,240,92,37,89,0.416,7,18,0.389,11,16,0.688,15,22,37,24,10,2,9,17,-9.0
22013,1610612761,TOR,Toronto Raptors,0021300988,2014-03-16,TOR vs. PHX,L,239,113,42,85,0.494,7,23,0.304,22,25,0.88,4,22,26,27,12,3,11,27,-8.0
22013,1612709917,SPG,Springfield Armor,2021300334,2014-03-15,SPG @ SXF,L,240,109,41,91,0.451,10,30,0.333,17,26,0.654,15,29,44,17,8,3,15,19,-15.0
22013,1612709903,IDA,Idaho Stampede,2021300337,2014-03-15,IDA vs. RNO,W,241,101,36,75,0.48,3,15,0.2,26,32,0.813,20,29,49,15,13,2,21,25,5.0
22013,1610612758,SAC,Sacramento Kings,0021300986,2014-03-15,SAC @ CHI,L,240,87,31,85,0.365,2,14,0.143,23,37,0.622,19,36,55,12,6,6,16,22,-7.0
22013,1612709890,AUS,Austin Toros,2021300336,2014-03-15,AUS vs. RGV,L,239,115,39,82,0.476,10,22,0.455,27,33,0.818,10,35,45,19,2,9,16,19,-13.0
22013,1610612751,BKN,Brooklyn Nets,0021300982,2014-03-15,BKN @ WAS,L,241,94,34,71,0.479,11,21,0.524,15,22,0.682,6,29,35,20,7,2,13,25,-7.0
22013,1610612743,DEN,Denver Nuggets,0021300983,2014-03-15,DEN @ ATL,L,240,92,34,83,0.41,8,25,0.32,16,25,0.64,12,42,54,27,7,7,20,24,-5.0
22013,1610612765,DET,Detroit Pistons,0021300984,2014-03-15,DET vs. IND,L,264,104,37,91,0.407,7,23,0.304,23,30,0.767,8,36,44,24,9,7,11,21,-8.0
22013,1610612737,ATL,Atlanta Hawks,0021300983,2014-03-15,ATL vs. DEN,W,239,97,33,81,0.407,14,32,0.438,17,29,0.586,6,32,38,25,12,5,13,17,5.0
22013,1612709905,LAD,Los Angeles D-Fenders,2021300333,2014-03-15,LAD @ CTN,W,240,130,46,90,0.511,14,35,0.4,24,28,0.857,6,40,46,31,12,5,10,23,32.0
22013,1612709918,TEX,Texas Legends,2021300335,2014-03-15,TEX vs. TUL,L,241,89,31,89,0.348,7,25,0.28,20,36,0.556,19,30,49,17,6,2,13,21,-25.0
22013,1610612749,MIL,Milwaukee Bucks,0021300981,2014-03-15,MIL @ NYK,L,241,94,35,81,0.432,4,10,0.4,20,27,0.741,15,17,32,17,6,1,10,21,-21.0
22013,1612709893,CTN,Canton Charge,2021300333,2014-03-15,CTN vs. LAD,L,240,98,37,93,0.398,6,27,0.222,18,28,0.643,16,36,52,20,7,1,17,25,-32.0
22013,1610612741,CHI,Chicago Bulls,0021300986,2014-03-15,CHI vs. SAC,W,239,94,31,78,0.397,6,20,0.3,26,33,0.788,7,33,40,21,6,8,11,26,7.0
22013,1610612764,WAS,Washington Wizards,0021300982,2014-03-15,WAS vs. BKN,W,241,101,36,77,0.468,8,26,0.308,21,25,0.84,11,28,39,21,4,7,13,14,7.0
22013,1610612754,IND,Indiana Pacers,0021300984,2014-03-15,IND @ DET,W,266,112,41,104,0.394,7,24,0.292,23,25,0.92,18,44,62,24,6,5,10,24,8.0
22013,1612709889,TUL,Tulsa 66ers,2021300335,2014-03-15,TUL @ TEX,W,239,114,43,82,0.524,7,18,0.389,21,30,0.7,10,39,49,28,9,4,13,23,25.0
22013,1610612763,MEM,Memphis Grizzlies,0021300985,2014-03-15,MEM @ PHI,W,241,103,38,70,0.543,4,15,0.267,23,32,0.719,7,34,41,27,13,4,22,24,26.0
22013,1612709911,IWA,Iowa Energy,2021300338,2014-03-15,IWA @ SCW,W,241,133,48,84,0.571,14,28,0.5,23,31,0.742,8,31,39,32,8,9,18,20,13.0
22013,1610612752,NYK,New York Knicks,0021300981,2014-03-15,NYK vs. MIL,W,239,115,42,76,0.553,8,20,0.4,23,28,0.821,13,28,41,14,3,7,11,23,21.0
22013,1612709904,SXF,Sioux Falls Skyforce,2021300334,2014-03-15,SXF vs. SPG,W,241,124,47,91,0.516,14,29,0.483,16,20,0.8,13,35,48,30,9,4,16,24,15.0
22013,1612709914,RNO,Reno Bighorns,2021300337,2014-03-15,RNO @ IDA,L,240,99,36,79,0.456,5,19,0.263,22,29,0.759,13,21,34,16,15,4,16,21,-5.0
22013,1612709908,RGV,Rio Grande Valley Vipers,2021300336,2014-03-15,RGV @ AUS,W,240,128,46,101,0.455,21,42,0.5,15,17,0.882,15,33,48,23,9,5,11,26,11.8
22013,1610612755,PHI,Philadelphia 76ers,0021300985,2014-03-15,PHI vs. MEM,L,240,77,31,83,0.373,6,23,0.261,9,19,0.474,14,28,42,16,12,3,22,24,-26.0
22013,1612709902,SCW,Santa Cruz Warriors,2021300338,2014-03-15,SCW vs. IWA,L,239,120,47,98,0.48,9,30,0.3,17,21,0.81,13,31,44,23,13,2,16,21,-13.0
22013,1610612739,CLE,Cleveland Cavaliers,0021300980,2014-03-14,CLE @ GSW,W,239,103,40,82,0.488,10,22,0.455,13,18,0.722,4,37,41,19,11,4,11,20,9.0
22013,1612709915,MNE,Maine Red Claws,2021300330,2014-03-14,MNE @ TEX,L,240,120,41,76,0.539,11,28,0.393,27,38,0.711,7,26,33,23,4,8,17,19,-19.0
22013,1612709909,DEL,Delaware 87ers,2021300327,2014-03-14,DEL vs. FWN,L,240,111,42,93,0.452,8,28,0.286,19,26,0.731,9,24,33,10,11,6,18,27,-11.0
22013,1610612748,MIA,Miami Heat,0021300976,2014-03-14,MIA vs. DEN,L,240,107,42,81,0.519,7,24,0.292,16,21,0.762,7,28,35,23,8,5,18,19,-4.0
22013,1612709911,IWA,Iowa Energy,2021300332,2014-03-14,IWA @ SCW,L,242,119,43,103,0.417,10,29,0.345,23,28,0.821,16,25,41,27,9,2,9,21,-10.0
22013,1610612740,NOP,New Orleans Pelicans,0021300977,2014-03-14,NOP vs. POR,L,239,103,41,86,0.477,3,11,0.273,18,21,0.857,8,36,44,22,6,3,10,22,-8.0
22013,1610612750,MIN,Minnesota Timberwolves,0021300971,2014-03-14,MIN @ CHA,L,241,93,35,82,0.427,6,15,0.4,17,21,0.81,5,30,35,23,9,2,10,15,-12.0
22013,1610612747,LAL,Los Angeles Lakers,0021300978,2014-03-14,LAL @ SAS,L,240,85,31,91,0.341,4,21,0.19,19,25,0.76,8,29,37,23,9,7,9,15,-34.0
22013,1610612762,UTA,Utah Jazz,0021300979,2014-03-14,UTA vs. LAC,L,240,87,35,77,0.455,7,14,0.5,10,13,0.769,9,30,39,18,7,3,16,17,-9.0
22013,1612709917,SPG,Springfield Armor,2021300328,2014-03-14,SPG @ ERI,W,240,107,42,91,0.462,8,21,0.381,15,22,0.682,18,36,54,19,10,3,13,13,3.0
22013,1610612743,DEN,Denver Nuggets,0021300976,2014-03-14,DEN @ MIA,W,239,111,39,82,0.476,8,21,0.381,25,29,0.862,9,32,41,26,13,2,15,21,4.0
22013,1610612753,ORL,Orlando Magic,0021300972,2014-03-14,ORL vs. WAS,L,266,101,43,97,0.443,7,25,0.28,8,10,0.8,9,37,46,26,6,6,14,24,-4.0
22013,1610612757,POR,Portland Trail Blazers,0021300977,2014-03-14,POR @ NOP,W,240,111,38,78,0.487,14,33,0.424,21,27,0.778,6,31,37,23,3,6,16,19,8.0
22013,1610612756,PHX,Phoenix Suns,0021300975,2014-03-14,PHX @ BOS,W,241,87,34,80,0.425,5,26,0.192,14,20,0.7,9,42,51,14,8,5,16,18,7.0
22013,1610612744,GSW,Golden State Warriors,0021300980,2014-03-14,GSW vs. CLE,L,239,94,35,77,0.455,11,29,0.379,13,19,0.684,5,37,42,23,6,6,17,16,-9.0
22013,1610612754,IND,Indiana Pacers,0021300973,2014-03-14,IND @ PHI,W,240,101,39,67,0.582,9,21,0.429,14,22,0.636,4,39,43,27,7,12,21,19,7.0
22013,1612709918,TEX,Texas Legends,2021300330,2014-03-14,TEX vs. MNE,W,239,139,52,96,0.542,15,26,0.577,20,23,0.87,13,28,41,26,10,3,13,23,19.0
22013,1610612766,CHA,Charlotte Bobcats,0021300971,2014-03-14,CHA vs. MIN,W,240,105,44,91,0.484,8,19,0.421,9,14,0.643,14,40,54,28,6,6,15,19,12.0
22013,1612709905,LAD,Los Angeles D-Fenders,2021300329,2014-03-14,LAD @ CTN,W,241,125,46,93,0.495,16,34,0.471,17,22,0.773,6,33,39,23,10,8,8,20,14.0
22013,1612709902,SCW,Santa Cruz Warriors,2021300332,2014-03-14,SCW vs. IWA,W,240,129,51,89,0.573,7,26,0.269,20,26,0.769,15,38,53,20,7,9,19,22,10.0
22013,1610612738,BOS,Boston Celtics,0021300975,2014-03-14,BOS vs. PHX,L,241,80,29,94,0.309,3,21,0.143,19,21,0.905,19,37,56,17,7,4,14,21,-7.0
22013,1610612746,LAC,Los Angeles Clippers,0021300979,2014-03-14,LAC @ UTA,W,239,96,37,76,0.487,9,23,0.391,13,20,0.65,6,26,32,20,12,3,11,16,9.0
22013,1610612764,WAS,Washington Wizards,0021300972,2014-03-14,WAS @ ORL,W,265,105,36,90,0.4,10,23,0.435,23,29,0.793,11,41,52,24,5,4,11,14,4.0
22013,1612709914,RNO,Reno Bighorns,2021300331,2014-03-14,RNO @ IDA,L,240,101,40,89,0.449,4,19,0.211,17,23,0.739,18,28,46,17,6,2,21,15,-10.0
22013,1612709893,CTN,Canton Charge,2021300329,2014-03-14,CTN vs. LAD,L,241,111,42,87,0.483,12,25,0.48,15,23,0.652,7,42,49,19,4,2,16,17,-14.0
22013,1612709910,FWN,Fort Wayne Mad Ants,2021300327,2014-03-14,FWN @ DEL,W,241,122,43,76,0.566,10,23,0.435,26,33,0.788,10,40,50,25,11,3,27,24,10.0
22013,1610612761,TOR,Toronto Raptors,0021300974,2014-03-14,TOR vs. MEM,W,240,99,36,71,0.507,9,17,0.529,18,22,0.818,8,28,36,23,9,1,16,22,13.0
22013,1610612759,SAS,San Antonio Spurs,0021300978,2014-03-14,SAS vs. LAL,W,241,119,48,98,0.49,13,27,0.481,10,13,0.769,18,46,64,36,7,8,15,19,34.0
22013,1612709903,IDA,Idaho Stampede,2021300331,2014-03-14,IDA vs. RNO,W,239,111,44,91,0.484,7,17,0.412,16,19,0.842,16,31,47,25,15,6,13,19,10.0
22013,1610612755,PHI,Philadelphia 76ers,0021300973,2014-03-14,PHI vs. IND,L,240,94,35,90,0.389,8,26,0.308,16,18,0.889,9,25,34,25,13,2,10,20,-7.0
22013,1610612763,MEM,Memphis Grizzlies,0021300974,2014-03-14,MEM @ TOR,L,241,86,33,74,0.446,2,8,0.25,18,27,0.667,12,23,35,16,7,6,16,17,-13.0
22013,1612709913,ERI,Erie BayHawks,2021300328,2014-03-14,ERI vs. SPG,L,240,104,44,97,0.454,6,24,0.25,10,14,0.714,16,32,48,24,6,4,11,15,-3.0
22013,1610612745,HOU,Houston Rockets,0021300968,2014-03-13,HOU @ CHI,L,241,87,28,79,0.354,5,26,0.192,26,34,0.765,19,30,49,16,3,5,16,21,-24.0
22013,1612709910,FWN,Fort Wayne Mad Ants,2021300325,2014-03-13,FWN @ ERI,W,240,104,37,83,0.446,4,18,0.222,26,30,0.867,13,37,50,18,14,2,17,15,12.0
22013,1610612741,CHI,Chicago Bulls,0021300968,2014-03-13,CHI vs. HOU,W,240,111,43,86,0.5,14,24,0.583,11,13,0.846,10,29,39,35,8,4,7,24,24.0
22013,1610612747,LAL,Los Angeles Lakers,0021300970,2014-03-13,LAL @ OKC,L,240,102,37,94,0.394,13,27,0.481,15,25,0.6,12,25,37,23,7,5,14,19,-29.0
22013,1610612760,OKC,Oklahoma City Thunder,0021300970,2014-03-13,OKC vs. LAL,W,240,131,45,89,0.506,13,30,0.433,28,30,0.933,13,47,60,24,10,11,17,27,29.0
22013,1610612749,MIL,Milwaukee Bucks,0021300969,2014-03-13,MIL @ ATL,L,241,97,37,89,0.416,3,19,0.158,20,26,0.769,16,27,43,24,13,3,8,21,-5.0
22013,1612709904,SXF,Sioux Falls Skyforce,2021300326,2014-03-13,SXF @ TUL,L,241,96,32,75,0.427,8,28,0.286,24,29,0.828,7,36,43,17,6,7,22,20,-13.0
22013,1612709913,ERI,Erie BayHawks,2021300325,2014-03-13,ERI vs. FWN,L,240,92,37,80,0.463,4,26,0.154,14,19,0.737,6,32,38,23,5,6,24,23,-12.0
22013,1610612737,ATL,Atlanta Hawks,0021300969,2014-03-13,ATL vs. MIL,W,240,102,36,74,0.486,13,29,0.448,17,20,0.85,7,34,41,23,3,6,17,22,5.0
22013,1612709889,TUL,Tulsa 66ers,2021300326,2014-03-13,TUL vs. SXF,W,240,109,44,100,0.44,10,28,0.357,11,16,0.688,18,36,54,24,10,4,17,25,13.0
22013,1610612748,MIA,Miami Heat,0021300957,2014-03-12,MIA vs. BKN,L,240,95,33,68,0.485,9,27,0.333,20,26,0.769,3,30,33,18,6,3,17,16,-1.0
22013,1610612765,DET,Detroit Pistons,0021300960,2014-03-12,DET @ TOR,L,241,87,34,78,0.436,9,22,0.409,10,24,0.417,9,30,39,15,8,3,16,17,-14.0
22013,1612709900,BAK,Bakersfield Jam,2021300324,2014-03-12,BAK vs. AUS,W,241,117,43,87,0.494,13,28,0.464,18,26,0.692,12,37,49,31,7,4,11,20,11.0
22013,1612709915,MNE,Maine Red Claws,2021300321,2014-03-12,MNE @ RGV,L,240,113,42,88,0.477,11,27,0.407,18,31,0.581,11,33,44,15,6,6,17,12,-15.0
22013,1610612740,NOP,New Orleans Pelicans,0021300963,2014-03-12,NOP vs. MEM,L,239,88,31,75,0.413,4,18,0.222,22,22,1.0,9,30,39,16,11,8,15,19,-2.0
22013,1612709911,IWA,Iowa Energy,2021300323,2014-03-12,IWA @ RNO,L,240,110,37,82,0.451,9,30,0.3,27,35,0.771,11,26,37,12,13,5,13,17,-10.0
22013,1612709902,SCW,Santa Cruz Warriors,2021300322,2014-03-12,SCW @ IDA,W,240,111,42,82,0.512,7,14,0.5,20,25,0.8,12,35,47,21,7,7,16,22,1.0
22013,1610612738,BOS,Boston Celtics,0021300962,2014-03-12,BOS vs. NYK,L,240,92,34,81,0.42,8,19,0.421,16,23,0.696,16,22,38,15,4,2,11,18,-24.0
22013,1610612744,GSW,Golden State Warriors,0021300967,2014-03-12,GSW @ LAC,L,241,98,36,82,0.439,8,21,0.381,18,25,0.72,6,30,36,27,6,2,12,21,-13.0
22013,1610612759,SAS,San Antonio Spurs,0021300965,2014-03-12,SAS vs. POR,W,239,103,38,88,0.432,11,24,0.458,16,22,0.727,15,40,55,21,11,2,12,21,13.0
22013,1612709890,AUS,Austin Toros,2021300324,2014-03-12,AUS @ BAK,L,241,106,37,92,0.402,12,35,0.343,20,25,0.8,14,32,46,22,6,8,12,23,-11.0
22013,1610612761,TOR,Toronto Raptors,0021300960,2014-03-12,TOR vs. DET,W,240,101,37,88,0.42,8,20,0.4,19,25,0.76,15,39,54,19,9,3,16,20,14.0
22013,1610612755,PHI,Philadelphia 76ers,0021300959,2014-03-12,PHI vs. SAC,L,240,98,33,84,0.393,8,23,0.348,24,28,0.857,11,27,38,20,7,4,20,31,-17.0
22013,1610612758,SAC,Sacramento Kings,0021300959,2014-03-12,SAC @ PHI,W,240,115,34,74,0.459,7,18,0.389,40,50,0.8,12,36,48,21,12,1,21,25,17.0
22013,1610612766,CHA,Charlotte Bobcats,0021300961,2014-03-12,CHA @ WAS,W,240,98,38,78,0.487,5,18,0.278,17,22,0.773,9,35,44,13,5,3,10,11,13.0
22013,1610612757,POR,Portland Trail Blazers,0021300965,2014-03-12,POR @ SAS,L,242,90,32,83,0.386,4,21,0.19,22,30,0.733,14,34,48,13,3,2,12,17,-13.0
22013,1610612763,MEM,Memphis Grizzlies,0021300963,2014-03-12,MEM @ NOP,W,240,90,32,74,0.432,4,18,0.222,22,27,0.815,12,30,42,19,8,7,14,17,2.0
22013,1610612743,DEN,Denver Nuggets,0021300958,2014-03-12,DEN @ ORL,W,239,120,47,92,0.511,10,22,0.455,16,24,0.667,12,40,52,30,4,6,14,16,8.0
22013,1610612746,LAC,Los Angeles Clippers,0021300967,2014-03-12,LAC vs. GSW,W,238,111,43,88,0.489,8,18,0.444,17,24,0.708,11,38,49,23,7,9,10,21,13.0
22013,1610612756,PHX,Phoenix Suns,0021300966,2014-03-12,PHX vs. CLE,L,240,101,39,90,0.433,10,36,0.278,13,22,0.591,12,24,36,20,11,1,12,21,-9.0
22013,1612709908,RGV,Rio Grande Valley Vipers,2021300321,2014-03-12,RGV vs. MNE,W,242,128,52,113,0.46,12,40,0.3,12,15,0.8,20,39,59,24,11,3,12,23,15.0
22013,1610612742,DAL,Dallas Mavericks,0021300964,2014-03-12,DAL @ UTA,W,239,108,42,79,0.532,13,21,0.619,11,12,0.917,5,34,39,26,2,2,13,23,7.0
22013,1610612762,UTA,Utah Jazz,0021300964,2014-03-12,UTA vs. DAL,L,240,101,40,85,0.471,5,26,0.192,16,21,0.762,11,29,40,23,6,2,11,18,-7.0
22013,1610612751,BKN,Brooklyn Nets,0021300957,2014-03-12,BKN @ MIA,W,240,96,34,78,0.436,12,29,0.414,16,19,0.842,9,28,37,19,11,7,15,22,1.0
22013,1610612753,ORL,Orlando Magic,0021300958,2014-03-12,ORL vs. DEN,L,239,112,45,93,0.484,9,24,0.375,13,13,1.0,7,31,38,23,6,6,8,23,-8.0
22013,1610612739,CLE,Cleveland Cavaliers,0021300966,2014-03-12,CLE @ PHX,W,239,110,38,81,0.469,12,24,0.5,22,27,0.815,13,38,51,20,6,1,18,21,9.0
22013,1610612752,NYK,New York Knicks,0021300962,2014-03-12,NYK @ BOS,W,240,116,42,80,0.525,11,19,0.579,21,24,0.875,12,35,47,20,11,7,8,21,24.0
22013,1610612764,WAS,Washington Wizards,0021300961,2014-03-12,WAS vs. CHA,L,240,85,35,82,0.427,9,25,0.36,6,9,0.667,8,29,37,16,3,4,14,22,-13.0
22013,1612709903,IDA,Idaho Stampede,2021300322,2014-03-12,IDA vs. SCW,L,240,110,39,98,0.398,8,30,0.267,24,30,0.8,24,31,55,18,8,3,12,22,-1.0
22013,1612709914,RNO,Reno Bighorns,2021300323,2014-03-12,RNO vs. IWA,W,239,120,49,92,0.533,8,15,0.533,14,18,0.778,12,34,46,22,8,3,16,21,10.0
22013,1610612741,CHI,Chicago Bulls,0021300952,2014-03-11,CHI vs. SAS,L,240,96,32,75,0.427,8,18,0.444,24,28,0.857,10,29,39,22,4,5,14,17,-8.0
22013,1612709905,LAD,Los Angeles D-Fenders,2021300418,2014-03-11,LAD @ TUL,W,239,117,44,88,0.5,6,30,0.2,23,28,0.821,8,35,43,21,9,4,16,14,8.6
22013,1610612738,BOS,Boston Celtics,0021300950,2014-03-11,BOS @ IND,L,240,83,32,91,0.352,3,19,0.158,16,19,0.842,20,21,41,16,6,1,10,23,-11.0
22013,1610612742,DAL,Dallas Mavericks,0021300956,2014-03-11,DAL @ GSW,L,241,85,30,82,0.366,5,18,0.278,20,31,0.645,11,29,40,18,10,3,17,16,-23.0
22013,1610612745,HOU,Houston Rockets,0021300955,2014-03-11,HOU @ OKC,L,242,98,33,79,0.418,9,25,0.36,23,34,0.676,8,37,45,18,7,5,13,22,-8.0
22013,1610612759,SAS,San Antonio Spurs,0021300952,2014-03-11,SAS @ CHI,W,241,104,40,79,0.506,12,21,0.571,12,15,0.8,5,33,38,25,6,3,11,26,8.0
22013,1612709904,SXF,Sioux Falls Skyforce,2021300319,2014-03-11,SXF @ CTN,W,241,113,39,70,0.557,10,18,0.556,25,30,0.833,4,23,27,19,10,3,18,23,4.0
22013,1610612754,IND,Indiana Pacers,0021300950,2014-03-11,IND vs. BOS,W,241,94,40,73,0.548,4,16,0.25,10,13,0.769,8,35,43,22,5,4,16,22,11.0
22013,1610612750,MIN,Minnesota Timberwolves,0021300954,2014-03-11,MIN vs. MIL,W,241,112,41,85,0.482,8,20,0.4,22,30,0.733,11,23,34,25,9,4,7,24,11.0
22013,1610612758,SAC,Sacramento Kings,0021300951,2014-03-11,SAC @ DET,L,239,89,34,84,0.405,3,15,0.2,18,30,0.6,13,37,50,18,6,7,16,19,-10.0
22013,1610612744,GSW,Golden State Warriors,0021300956,2014-03-11,GSW vs. DAL,W,242,108,41,80,0.513,12,25,0.48,14,17,0.824,8,38,46,26,7,6,19,24,23.0
22013,1612709914,RNO,Reno Bighorns,2021300320,2014-03-11,RNO vs. AUS,L,240,86,31,85,0.365,4,22,0.182,20,26,0.769,13,37,50,19,6,2,15,21,-9.0
22013,1612709893,CTN,Canton Charge,2021300319,2014-03-11,CTN vs. SXF,L,241,109,40,71,0.563,8,22,0.364,21,33,0.636,9,24,33,27,9,4,19,24,-4.0
22013,1612709890,AUS,Austin Toros,2021300320,2014-03-11,AUS @ RNO,W,241,95,34,86,0.395,10,27,0.37,17,25,0.68,14,38,52,21,8,8,14,18,9.0
22013,1610612757,POR,Portland Trail Blazers,0021300953,2014-03-11,POR @ MEM,L,241,99,35,86,0.407,7,17,0.412,22,29,0.759,16,24,40,18,3,2,8,21,-10.0
22013,1612709889,TUL,Tulsa 66ers,2021300418,2014-03-11,TUL vs. LAD,L,240,109,44,97,0.454,8,29,0.276,13,16,0.813,12,35,47,26,8,2,15,23,-8.0
22013,1610612763,MEM,Memphis Grizzlies,0021300953,2014-03-11,MEM vs. POR,W,241,109,47,84,0.56,6,12,0.5,9,13,0.692,9,32,41,27,7,4,11,18,10.0
22013,1610612765,DET,Detroit Pistons,0021300951,2014-03-11,DET vs. SAC,W,241,99,38,87,0.437,7,18,0.389,16,19,0.842,10,37,47,26,9,7,11,24,10.0
22013,1610612760,OKC,Oklahoma City Thunder,0021300955,2014-03-11,OKC vs. HOU,W,241,106,34,80,0.425,11,29,0.379,27,34,0.794,8,41,49,18,5,7,13,25,8.0
22013,1610612749,MIL,Milwaukee Bucks,0021300954,2014-03-11,MIL @ MIN,L,239,101,39,74,0.527,5,15,0.333,18,29,0.621,6,33,39,29,3,5,15,24,-11.0
22013,1610612749,MIL,Milwaukee Bucks,0021300947,2014-03-10,MIL vs. ORL,W,240,105,38,84,0.452,8,27,0.296,21,25,0.84,10,32,42,25,5,4,11,9,7.0
22013,1610612743,DEN,Denver Nuggets,0021300943,2014-03-10,DEN @ CHA,L,240,98,36,83,0.434,5,24,0.208,21,31,0.677,6,37,43,16,4,5,15,23,-7.0
22013,1610612753,ORL,Orlando Magic,0021300947,2014-03-10,ORL @ MIL,L,239,98,42,88,0.477,9,23,0.391,5,8,0.625,12,31,43,23,6,2,17,22,-7.0
22013,1610612761,TOR,Toronto Raptors,0021300944,2014-03-10,TOR @ BKN,L,240,97,35,71,0.493,6,23,0.261,21,24,0.875,7,30,37,19,7,6,12,22,-4.0
22013,1610612756,PHX,Phoenix Suns,0021300949,2014-03-10,PHX @ LAC,L,241,105,39,85,0.459,7,20,0.35,20,29,0.69,13,23,36,22,11,5,16,25,-7.0
22013,1610612737,ATL,Atlanta Hawks,0021300948,2014-03-10,ATL @ UTA,W,242,112,38,78,0.487,13,29,0.448,23,27,0.852,7,27,34,30,5,6,12,18,2.0
22013,1610612762,UTA,Utah Jazz,0021300948,2014-03-10,UTA vs. ATL,L,239,110,40,82,0.488,10,21,0.476,20,24,0.833,11,34,45,19,9,2,15,26,-2.0
22013,1610612746,LAC,Los Angeles Clippers,0021300949,2014-03-10,LAC vs. PHX,W,241,112,43,78,0.551,4,14,0.286,22,31,0.71,9,33,42,25,11,4,21,28,7.0
22013,1610612766,CHA,Charlotte Bobcats,0021300943,2014-03-10,CHA vs. DEN,W,240,105,37,81,0.457,8,20,0.4,23,28,0.821,6,36,42,21,8,6,12,21,7.0
22013,1610612764,WAS,Washington Wizards,0021300945,2014-03-10,WAS @ MIA,L,239,90,36,89,0.404,12,31,0.387,6,9,0.667,21,29,50,24,3,3,18,14,-9.0
22013,1610612755,PHI,Philadelphia 76ers,0021300946,2014-03-10,PHI @ NYK,L,240,110,43,84,0.512,6,20,0.3,18,25,0.72,14,28,42,26,9,1,18,25,-13.0
22013,1610612748,MIA,Miami Heat,0021300945,2014-03-10,MIA vs. WAS,W,240,99,40,80,0.5,10,21,0.476,9,9,1.0,9,24,33,26,8,8,10,11,9.0
22013,1610612751,BKN,Brooklyn Nets,0021300944,2014-03-10,BKN vs. TOR,W,240,101,34,70,0.486,11,20,0.55,22,31,0.71,8,22,30,15,9,2,14,27,4.0
22013,1610612752,NYK,New York Knicks,0021300946,2014-03-10,NYK vs. PHI,W,240,123,44,81,0.543,13,32,0.406,22,34,0.647,10,25,35,20,10,6,13,24,13.0
22013,1612709904,SXF,Sioux Falls Skyforce,2021300317,2014-03-09,SXF @ CTN,L,240,99,35,84,0.417,14,30,0.467,15,18,0.833,8,20,28,22,10,2,11,24,-9.0
22013,1610612761,TOR,Toronto Raptors,0021300940,2014-03-09,TOR @ MIN,W,239,111,37,76,0.487,14,24,0.583,23,31,0.742,12,36,48,22,3,6,19,27,7.0
22013,1612709911,IWA,Iowa Energy,2021300318,2014-03-09,IWA vs. RGV,W,240,113,39,101,0.386,5,30,0.167,30,35,0.857,26,29,55,19,17,8,18,17,1.0
22013,1612709893,CTN,Canton Charge,2021300317,2014-03-09,CTN vs. SXF,W,240,108,38,71,0.535,4,18,0.222,28,35,0.8,13,38,51,24,5,4,20,17,9.0
22013,1610612740,NOP,New Orleans Pelicans,0021300936,2014-03-09,NOP vs. DEN,W,265,111,41,90,0.456,5,14,0.357,24,33,0.727,18,30,48,21,11,13,24,25,4.0
22013,1610612738,BOS,Boston Celtics,0021300937,2014-03-09,BOS vs. DET,W,240,118,47,97,0.485,10,31,0.323,14,21,0.667,12,27,39,38,8,6,5,27,7.0
22013,1610612744,GSW,Golden State Warriors,0021300942,2014-03-09,GSW vs. PHX,W,239,113,45,85,0.529,10,22,0.455,13,21,0.619,9,26,35,27,7,3,12,22,6.0
22013,1612709910,FWN,Fort Wayne Mad Ants,2021300315,2014-03-09,FWN @ MNE,L,239,106,39,94,0.415,3,20,0.15,25,34,0.735,13,32,45,24,12,5,20,23,-25.0
22013,1610612750,MIN,Minnesota Timberwolves,0021300940,2014-03-09,MIN vs. TOR,L,240,104,41,95,0.432,7,19,0.368,15,20,0.75,16,22,38,25,9,2,9,25,-7.0
22013,1610612754,IND,Indiana Pacers,0021300941,2014-03-09,IND @ DAL,L,240,94,32,67,0.478,7,16,0.438,23,29,0.793,10,31,41,14,5,2,20,27,-11.0
22013,1610612751,BKN,Brooklyn Nets,0021300938,2014-03-09,BKN vs. SAC,W,239,104,41,77,0.532,12,25,0.48,10,16,0.625,1,26,27,25,14,1,10,24,15.0
22013,1610612748,MIA,Miami Heat,0021300934,2014-03-09,MIA @ CHI,L,265,88,30,74,0.405,7,20,0.35,21,22,0.955,6,36,42,20,8,9,17,21,-7.0
22013,1610612760,OKC,Oklahoma City Thunder,0021300935,2014-03-09,OKC @ LAL,L,241,110,42,100,0.42,12,35,0.343,14,21,0.667,19,40,59,26,11,2,16,30,-4.0
22013,1610612756,PHX,Phoenix Suns,0021300942,2014-03-09,PHX @ GSW,L,240,107,36,75,0.48,10,21,0.476,25,28,0.893,9,32,41,21,6,1,19,24,-6.0
22013,1610612747,LAL,Los Angeles Lakers,0021300935,2014-03-09,LAL vs. OKC,W,240,114,38,81,0.469,13,31,0.419,25,30,0.833,1,35,36,31,7,6,15,16,4.0
22013,1610612757,POR,Portland Trail Blazers,0021300939,2014-03-09,POR @ HOU,L,264,113,39,96,0.406,9,25,0.36,26,33,0.788,22,34,56,24,7,10,20,34,-5.0
22013,1612709908,RGV,Rio Grande Valley Vipers,2021300318,2014-03-09,RGV @ IWA,L,239,112,39,91,0.429,17,42,0.405,17,23,0.739,17,30,47,23,12,11,25,27,-1.0
22013,1610612742,DAL,Dallas Mavericks,0021300941,2014-03-09,DAL vs. IND,W,241,105,36,81,0.444,8,20,0.4,25,31,0.806,15,27,42,23,10,2,10,23,11.0
22013,1610612741,CHI,Chicago Bulls,0021300934,2014-03-09,CHI vs. MIA,W,264,95,38,90,0.422,7,19,0.368,12,17,0.706,13,34,47,25,11,7,12,18,7.0
22013,1610612758,SAC,Sacramento Kings,0021300938,2014-03-09,SAC @ BKN,L,240,89,36,81,0.444,5,23,0.217,12,21,0.571,20,33,53,11,3,4,24,18,-15.0
22013,1610612765,DET,Detroit Pistons,0021300937,2014-03-09,DET @ BOS,L,240,111,40,86,0.465,4,15,0.267,27,39,0.692,19,35,54,17,3,5,16,20,-7.0
22013,1612709913,ERI,Erie BayHawks,2021300316,2014-03-09,ERI vs. SPG,L,240,109,45,93,0.484,9,22,0.409,10,13,0.769,10,31,41,31,8,5,12,25,-4.0
22013,1612709917,SPG,Springfield Armor,2021300316,2014-03-09,SPG @ ERI,W,240,113,41,91,0.451,6,21,0.286,25,38,0.658,21,36,57,21,9,4,13,15,4.0
22013,1612709915,MNE,Maine Red Claws,2021300315,2014-03-09,MNE vs. FWN,W,241,131,52,100,0.52,5,21,0.238,22,29,0.759,18,39,57,31,14,8,21,25,25.0
22013,1610612743,DEN,Denver Nuggets,0021300936,2014-03-09,DEN @ NOP,L,266,107,40,85,0.471,7,23,0.304,20,26,0.769,12,33,45,28,11,6,27,30,-4.0
22013,1610612745,HOU,Houston Rockets,0021300939,2014-03-09,HOU vs. POR,W,265,118,38,89,0.427,9,29,0.31,33,45,0.733,13,35,48,13,15,5,13,27,5.0
22013,1610612764,WAS,Washington Wizards,0021300931,2014-03-08,WAS @ MIL,W,240,114,43,80,0.538,15,28,0.536,13,23,0.565,11,24,35,25,6,7,16,21,7.0
22013,1610612762,UTA,Utah Jazz,0021300929,2014-03-08,UTA @ PHI,W,241,104,37,80,0.463,10,23,0.435,20,28,0.714,13,29,42,25,9,4,19,24,12.0
22013,1612709917,SPG,Springfield Armor,2021300311,2014-03-08,SPG @ CTN,L,240,110,40,83,0.482,11,26,0.423,19,28,0.679,11,24,35,22,17,4,15,21,-8.0
22013,1612709889,TUL,Tulsa 66ers,2021300312,2014-03-08,TUL vs. TEX,L,239,96,35,91,0.385,9,28,0.321,17,25,0.68,21,32,53,21,13,4,18,22,-2.0
22013,1612709914,RNO,Reno Bighorns,2021300313,2014-03-08,RNO vs. IDA,L,241,101,35,71,0.493,9,21,0.429,22,29,0.759,6,24,30,18,12,5,16,21,-18.0
22013,1612709903,IDA,Idaho Stampede,2021300313,2014-03-08,IDA @ RNO,W,239,119,43,85,0.506,6,15,0.4,27,30,0.9,15,29,44,17,6,2,14,21,18.0
22013,1610612737,ATL,Atlanta Hawks,0021300933,2014-03-08,ATL @ LAC,L,241,108,38,76,0.5,12,28,0.429,20,26,0.769,8,21,29,29,13,1,15,20,-1.0
22013,1612709893,CTN,Canton Charge,2021300311,2014-03-08,CTN vs. SPG,W,240,118,42,69,0.609,9,19,0.474,25,35,0.714,7,33,40,23,7,3,24,23,8.0
22013,1610612749,MIL,Milwaukee Bucks,0021300931,2014-03-08,MIL vs. WAS,L,241,107,39,87,0.448,4,16,0.25,25,28,0.893,17,25,42,14,9,4,14,20,-7.0
22013,1610612739,CLE,Cleveland Cavaliers,0021300928,2014-03-08,CLE vs. NYK,L,240,97,36,87,0.414,9,23,0.391,16,18,0.889,9,28,37,21,8,5,10,17,-10.0
22013,1612709902,SCW,Santa Cruz Warriors,2021300314,2014-03-08,SCW vs. BAK,W,241,98,34,68,0.5,10,18,0.556,20,29,0.69,12,38,50,23,4,8,24,24,6.0
22013,1610612766,CHA,Charlotte Bobcats,0021300930,2014-03-08,CHA @ MEM,L,240,89,37,93,0.398,5,21,0.238,10,14,0.714,13,27,40,18,7,7,11,19,-22.0
22013,1610612753,ORL,Orlando Magic,0021300932,2014-03-08,ORL @ SAS,L,240,112,46,96,0.479,7,18,0.389,13,17,0.765,12,33,45,24,8,4,9,26,-9.0
22013,1610612752,NYK,New York Knicks,0021300928,2014-03-08,NYK @ CLE,W,243,107,38,88,0.432,14,31,0.452,17,23,0.739,13,36,49,26,7,9,13,16,10.0
22013,1612709900,BAK,Bakersfield Jam,2021300314,2014-03-08,BAK @ SCW,L,239,92,33,99,0.333,7,29,0.241,19,30,0.633,30,22,52,21,17,1,11,27,-6.0
22013,1610612746,LAC,Los Angeles Clippers,0021300933,2014-03-08,LAC vs. ATL,W,241,109,42,79,0.532,7,22,0.318,18,24,0.75,13,22,35,26,7,4,18,21,1.0
22013,1610612763,MEM,Memphis Grizzlies,0021300930,2014-03-08,MEM vs. CHA,W,240,111,44,87,0.506,7,13,0.538,16,22,0.727,11,40,51,23,6,5,12,16,22.0
22013,1610612759,SAS,San Antonio Spurs,0021300932,2014-03-08,SAS vs. ORL,W,243,121,43,81,0.531,9,20,0.45,26,35,0.743,8,36,44,26,4,8,13,15,9.0
22013,1612709918,TEX,Texas Legends,2021300312,2014-03-08,TEX @ TUL,W,241,98,37,77,0.481,7,23,0.304,17,22,0.773,7,36,43,23,11,4,23,20,2.0
22013,1610612755,PHI,Philadelphia 76ers,0021300929,2014-03-08,PHI vs. UTA,L,240,92,36,76,0.474,5,22,0.227,15,20,0.75,5,28,33,22,13,5,18,21,-12.0
22013,1610612758,SAC,Sacramento Kings,0021300919,2014-03-07,SAC @ TOR,L,239,87,30,72,0.417,5,19,0.263,22,37,0.595,9,30,39,14,9,2,17,23,-12.0
22013,1612709903,IDA,Idaho Stampede,2021300309,2014-03-07,IDA @ RNO,L,239,86,34,80,0.425,2,8,0.25,16,21,0.762,7,21,28,23,13,1,20,22,-26.4
22013,1610612761,TOR,Toronto Raptors,0021300919,2014-03-07,TOR vs. SAC,W,240,99,34,73,0.466,10,21,0.476,21,28,0.75,6,31,37,21,9,6,12,29,12.0
22013,1610612757,POR,Portland Trail Blazers,0021300924,2014-03-07,POR @ DAL,L,240,98,38,83,0.458,7,26,0.269,15,21,0.714,14,35,49,17,5,6,19,29,-5.0
22013,1610612745,HOU,Houston Rockets,0021300926,2014-03-07,HOU vs. IND,W,240,112,40,76,0.526,13,28,0.464,19,25,0.76,6,28,34,26,8,4,12,15,26.0
22013,1610612763,MEM,Memphis Grizzlies,0021300917,2014-03-07,MEM @ CHI,W,238,85,35,78,0.449,5,8,0.625,10,18,0.556,11,34,45,19,9,6,13,16,8.0
22013,1610612750,MIN,Minnesota Timberwolves,0021300922,2014-03-07,MIN vs. DET,W,240,114,41,91,0.451,6,20,0.3,26,33,0.788,14,36,50,25,7,3,10,19,13.0
22013,1612709911,IWA,Iowa Energy,2021300308,2014-03-07,IWA @ AUS,L,241,98,35,95,0.368,10,39,0.256,18,23,0.783,14,26,40,14,8,2,14,19,-33.0
22013,1610612747,LAL,Los Angeles Lakers,0021300925,2014-03-07,LAL @ DEN,L,240,126,45,97,0.464,12,27,0.444,24,30,0.8,12,35,47,30,8,6,14,21,-8.0
22013,1612709908,RGV,Rio Grande Valley Vipers,2021300307,2014-03-07,RGV @ SXF,L,239,119,44,95,0.463,12,33,0.364,19,27,0.704,17,23,40,25,9,5,18,27,-8.0
22013,1610612744,GSW,Golden State Warriors,0021300927,2014-03-07,GSW vs. ATL,W,239,111,43,80,0.538,6,19,0.316,19,24,0.792,11,33,44,28,12,3,16,17,14.0
22013,1610612752,NYK,New York Knicks,0021300921,2014-03-07,NYK vs. UTA,W,241,108,42,85,0.494,12,31,0.387,12,18,0.667,8,27,35,24,9,7,7,19,27.0
22013,1612709904,SXF,Sioux Falls Skyforce,2021300307,2014-03-07,SXF vs. RGV,W,238,127,46,86,0.535,10,26,0.385,25,32,0.781,14,30,44,24,11,4,17,18,8.0
22013,1610612754,IND,Indiana Pacers,0021300926,2014-03-07,IND @ HOU,L,241,86,34,74,0.459,7,16,0.438,11,15,0.733,7,28,35,22,7,6,17,22,-26.0
22013,1610612739,CLE,Cleveland Cavaliers,0021300918,2014-03-07,CLE @ CHA,L,240,92,37,86,0.43,3,17,0.176,15,20,0.75,15,26,41,16,7,1,13,19,-9.0
22013,1610612741,CHI,Chicago Bulls,0021300917,2014-03-07,CHI vs. MEM,L,241,77,31,75,0.413,2,13,0.154,13,14,0.929,6,32,38,16,4,2,13,19,-8.0
22013,1610612765,DET,Detroit Pistons,0021300922,2014-03-07,DET @ MIN,L,240,101,38,94,0.404,4,13,0.308,21,30,0.7,19,36,55,17,6,4,12,23,-13.0
22013,1612709902,SCW,Santa Cruz Warriors,2021300310,2014-03-07,SCW vs. DEL,W,240,116,41,87,0.471,15,31,0.484,19,21,0.905,13,45,58,28,15,9,26,14,21.0
22013,1610612749,MIL,Milwaukee Bucks,0021300923,2014-03-07,MIL @ NOP,L,240,104,40,89,0.449,5,20,0.25,19,25,0.76,16,29,45,24,3,6,9,22,-8.0
22013,1610612740,NOP,New Orleans Pelicans,0021300923,2014-03-07,NOP vs. MIL,W,240,112,42,84,0.5,8,20,0.4,20,23,0.87,11,31,42,31,4,9,9,26,8.0
22013,1610612738,BOS,Boston Celtics,0021300920,2014-03-07,BOS vs. BKN,W,241,91,31,70,0.443,8,21,0.381,21,26,0.808,12,39,51,20,11,3,25,28,7.0
22013,1610612743,DEN,Denver Nuggets,0021300925,2014-03-07,DEN vs. LAL,W,242,134,54,99,0.545,14,24,0.583,12,21,0.571,7,36,43,36,8,4,12,24,8.0
22013,1610612766,CHA,Charlotte Bobcats,0021300918,2014-03-07,CHA vs. CLE,W,240,101,36,77,0.468,9,29,0.31,20,22,0.909,8,29,37,26,6,10,12,17,9.0
22013,1610612751,BKN,Brooklyn Nets,0021300920,2014-03-07,BKN @ BOS,L,240,84,29,80,0.363,4,30,0.133,22,26,0.846,9,19,28,14,12,5,14,20,-7.0
22013,1610612762,UTA,Utah Jazz,0021300921,2014-03-07,UTA @ NYK,L,240,81,30,73,0.411,6,27,0.222,15,20,0.75,12,35,47,13,4,3,19,16,-27.0
22013,1610612742,DAL,Dallas Mavericks,0021300924,2014-03-07,DAL vs. POR,W,241,103,37,79,0.468,4,13,0.308,25,34,0.735,9,29,38,17,10,4,9,22,5.0
22013,1612709909,DEL,Delaware 87ers,2021300310,2014-03-07,DEL @ SCW,L,240,95,39,98,0.398,7,27,0.259,10,13,0.769,12,26,38,16,14,11,19,15,-21.0
22013,1612709914,RNO,Reno Bighorns,2021300309,2014-03-07,RNO vs. IDA,W,241,112,48,82,0.585,8,15,0.533,8,15,0.533,11,33,44,28,7,9,20,19,26.0
22013,1610612737,ATL,Atlanta Hawks,0021300927,2014-03-07,ATL @ GSW,L,240,97,39,86,0.453,8,34,0.235,11,13,0.846,10,26,36,26,7,1,17,22,-14.0
22013,1612709890,AUS,Austin Toros,2021300308,2014-03-07,AUS vs. IWA,W,241,131,48,90,0.533,11,23,0.478,24,28,0.857,16,45,61,27,11,7,16,22,32.4
22013,1610612746,LAC,Los Angeles Clippers,0021300916,2014-03-06,LAC @ LAL,W,241,142,57,103,0.553,12,26,0.462,16,22,0.727,16,48,64,34,16,5,17,21,48.0
22013,1610612747,LAL,Los Angeles Lakers,0021300916,2014-03-06,LAL vs. LAC,L,239,94,34,86,0.395,8,30,0.267,18,26,0.692,4,29,33,26,9,2,22,16,-48.0
22013,1610612756,PHX,Phoenix Suns,0021300915,2014-03-06,PHX vs. OKC,W,240,128,42,80,0.525,15,27,0.556,29,39,0.744,11,33,44,21,6,2,14,24,6.0
22013,1612709911,IWA,Iowa Energy,2021300305,2014-03-06,IWA @ TEX,L,240,119,42,84,0.5,15,31,0.484,20,26,0.769,11,25,36,24,9,7,17,21,-7.0
22013,1610612759,SAS,San Antonio Spurs,0021300914,2014-03-06,SAS vs. MIA,W,240,111,40,79,0.506,9,23,0.391,22,26,0.846,8,37,45,30,9,5,17,17,24.0
22013,1612709904,SXF,Sioux Falls Skyforce,2021300304,2014-03-06,SXF vs. RGV,L,270,116,43,98,0.439,13,31,0.419,17,27,0.63,11,38,49,31,12,7,16,19,-3.0
22013,1612709918,TEX,Texas Legends,2021300305,2014-03-06,TEX vs. IWA,W,239,126,50,96,0.521,11,29,0.379,15,21,0.714,22,28,50,25,12,3,15,21,7.0
22013,1612709910,FWN,Fort Wayne Mad Ants,2021300303,2014-03-06,FWN @ MNE,W,239,113,43,98,0.439,6,18,0.333,21,27,0.778,14,28,42,14,17,2,12,20,9.0
22013,1612709900,BAK,Bakersfield Jam,2021300306,2014-03-06,BAK @ AUS,W,239,111,38,84,0.452,12,22,0.545,23,29,0.793,13,31,44,23,6,3,16,17,5.0
22013,1610612748,MIA,Miami Heat,0021300914,2014-03-06,MIA @ SAS,L,242,87,34,79,0.43,4,13,0.308,15,18,0.833,8,28,36,25,10,4,20,22,-24.0
22013,1612709915,MNE,Maine Red Claws,2021300303,2014-03-06,MNE vs. FWN,L,240,104,40,75,0.533,6,27,0.222,18,23,0.783,9,38,47,15,6,5,27,19,-9.0
22013,1612709908,RGV,Rio Grande Valley Vipers,2021300304,2014-03-06,RGV @ SXF,W,271,119,44,98,0.449,16,43,0.372,15,20,0.75,14,37,51,22,7,5,20,21,3.0
22013,1610612760,OKC,Oklahoma City Thunder,0021300915,2014-03-06,OKC @ PHX,L,239,122,45,90,0.5,13,33,0.394,19,19,1.0,7,26,33,21,7,4,9,27,-6.0
22013,1612709890,AUS,Austin Toros,2021300306,2014-03-06,AUS vs. BAK,L,241,106,40,91,0.44,8,29,0.276,18,22,0.818,14,31,45,26,10,6,15,29,-5.0
22013,1610612758,SAC,Sacramento Kings,0021300910,2014-03-05,SAC @ MIL,W,240,116,43,83,0.518,4,14,0.286,26,32,0.813,12,34,46,21,7,3,9,23,14.0
22013,1612709913,ERI,Erie BayHawks,2021300300,2014-03-05,ERI @ TUL,W,240,107,37,80,0.463,11,22,0.5,22,31,0.71,9,29,38,27,5,10,13,13,4.0
22013,1610612742,DAL,Dallas Mavericks,0021300912,2014-03-05,DAL @ DEN,L,241,110,46,87,0.529,9,20,0.45,9,9,1.0,8,25,33,24,6,4,15,27,-5.0
22013,1610612749,MIL,Milwaukee Bucks,0021300910,2014-03-05,MIL vs. SAC,L,239,102,36,82,0.439,6,17,0.353,24,29,0.828,11,26,37,25,3,2,8,24,-14.0
22013,1610612762,UTA,Utah Jazz,0021300906,2014-03-05,UTA @ WAS,L,239,91,35,78,0.449,8,23,0.348,13,22,0.591,12,26,38,20,4,5,13,15,-13.0
22013,1610612765,DET,Detroit Pistons,0021300909,2014-03-05,DET vs. CHI,L,240,94,39,87,0.448,2,11,0.182,14,17,0.824,8,24,32,25,5,6,7,12,-11.0
22013,1610612764,WAS,Washington Wizards,0021300906,2014-03-05,WAS vs. UTA,W,240,104,44,81,0.543,6,15,0.4,10,10,1.0,8,33,41,28,9,2,12,20,13.0
22013,1612709918,TEX,Texas Legends,2021300301,2014-03-05,TEX vs. BAK,W,239,109,37,86,0.43,12,28,0.429,23,31,0.742,13,32,45,24,12,6,17,22,0.8
22013,1610612750,MIN,Minnesota Timberwolves,0021300911,2014-03-05,MIN vs. NYK,L,239,106,39,90,0.433,7,26,0.269,21,24,0.875,17,30,47,20,4,1,14,19,-12.0
22013,1610612745,HOU,Houston Rockets,0021300905,2014-03-05,HOU @ ORL,W,243,101,40,82,0.488,6,22,0.273,15,24,0.625,14,35,49,21,8,4,21,15,12.0
22013,1610612757,POR,Portland Trail Blazers,0021300913,2014-03-05,POR vs. ATL,W,239,102,35,79,0.443,13,29,0.448,19,21,0.905,7,46,53,23,4,2,16,21,24.0
22013,1610612766,CHA,Charlotte Bobcats,0021300904,2014-03-05,CHA vs. IND,W,239,109,43,84,0.512,9,18,0.5,14,20,0.7,9,28,37,21,8,5,7,20,22.0
22013,1610612751,BKN,Brooklyn Nets,0021300908,2014-03-05,BKN vs. MEM,W,241,103,38,74,0.514,15,26,0.577,12,13,0.923,6,30,36,25,14,5,19,28,9.0
22013,1610612763,MEM,Memphis Grizzlies,0021300908,2014-03-05,MEM @ BKN,L,240,94,34,79,0.43,6,15,0.4,20,25,0.8,16,27,43,20,13,3,21,15,-9.0
22013,1610612753,ORL,Orlando Magic,0021300905,2014-03-05,ORL vs. HOU,L,239,89,38,84,0.452,3,14,0.214,10,12,0.833,9,25,34,23,14,6,17,26,-12.0
22013,1612709905,LAD,Los Angeles D-Fenders,2021300302,2014-03-05,LAD vs. DEL,W,240,128,43,97,0.443,14,41,0.341,28,33,0.848,15,39,54,27,9,9,18,16,4.0
22013,1610612741,CHI,Chicago Bulls,0021300909,2014-03-05,CHI @ DET,W,240,105,43,80,0.538,5,19,0.263,14,17,0.824,8,35,43,26,5,4,13,16,11.0
22013,1610612738,BOS,Boston Celtics,0021300907,2014-03-05,BOS vs. GSW,L,241,88,30,76,0.395,7,26,0.269,21,26,0.808,11,29,40,19,4,5,22,16,-20.0
22013,1612709909,DEL,Delaware 87ers,2021300302,2014-03-05,DEL @ LAD,L,239,124,51,107,0.477,5,25,0.2,17,25,0.68,16,38,54,28,10,12,16,20,-4.0
22013,1612709900,BAK,Bakersfield Jam,2021300301,2014-03-05,BAK @ TEX,L,240,106,40,87,0.46,7,22,0.318,19,26,0.731,13,33,46,20,10,2,20,26,-3.0
22013,1610612737,ATL,Atlanta Hawks,0021300913,2014-03-05,ATL @ POR,L,241,78,29,88,0.33,4,27,0.148,16,19,0.842,8,29,37,20,4,2,8,17,-24.0
22013,1610612754,IND,Indiana Pacers,0021300904,2014-03-05,IND @ CHA,L,240,87,31,76,0.408,10,23,0.435,15,20,0.75,11,30,41,18,0,2,18,22,-22.0
22013,1610612744,GSW,Golden State Warriors,0021300907,2014-03-05,GSW @ BOS,W,240,108,46,98,0.469,5,28,0.179,11,12,0.917,15,30,45,28,13,6,11,24,20.0
22013,1610612743,DEN,Denver Nuggets,0021300912,2014-03-05,DEN vs. DAL,W,239,115,37,79,0.468,11,24,0.458,30,36,0.833,16,27,43,27,12,6,14,16,5.0
22013,1610612752,NYK,New York Knicks,0021300911,2014-03-05,NYK @ MIN,W,240,118,47,90,0.522,11,27,0.407,13,19,0.684,12,27,39,24,11,4,12,24,12.0
22013,1612709889,TUL,Tulsa 66ers,2021300300,2014-03-05,TUL vs. ERI,L,241,103,40,90,0.444,8,25,0.32,15,19,0.789,17,31,48,24,8,5,12,25,-4.0
22013,1610612745,HOU,Houston Rockets,0021300900,2014-03-04,HOU vs. MIA,W,239,106,40,78,0.513,8,23,0.348,18,27,0.667,12,34,46,24,4,3,18,22,3.0
22013,1610612744,GSW,Golden State Warriors,0021300899,2014-03-04,GSW @ IND,W,239,98,37,84,0.44,10,20,0.5,14,21,0.667,10,34,44,24,4,6,10,21,2.0
22013,1610612740,NOP,New Orleans Pelicans,0021300903,2014-03-04,NOP @ LAL,W,239,132,46,77,0.597,7,17,0.412,33,40,0.825,9,30,39,29,9,2,15,23,7.0
22013,1610612756,PHX,Phoenix Suns,0021300902,2014-03-04,PHX vs. LAC,L,239,96,39,86,0.453,7,19,0.368,11,19,0.579,16,30,46,22,8,0,18,24,-8.0
22013,1612709902,SCW,Santa Cruz Warriors,2021300299,2014-03-04,SCW @ RNO,L,240,104,37,84,0.44,8,19,0.421,22,24,0.917,13,27,40,17,9,6,18,25,-6.0
22013,1612709914,RNO,Reno Bighorns,2021300299,2014-03-04,RNO vs. SCW,W,241,110,37,82,0.451,9,17,0.529,27,31,0.871,14,29,43,25,9,5,16,19,6.0
22013,1610612739,CLE,Cleveland Cavaliers,0021300898,2014-03-04,CLE vs. SAS,L,239,101,38,79,0.481,10,19,0.526,15,20,0.75,4,35,39,24,5,3,16,24,-21.0
22013,1610612759,SAS,San Antonio Spurs,0021300898,2014-03-04,SAS @ CLE,W,239,122,43,90,0.478,14,33,0.424,22,24,0.917,7,35,42,39,12,10,11,18,21.0
22013,1610612754,IND,Indiana Pacers,0021300899,2014-03-04,IND vs. GSW,L,240,96,36,86,0.419,3,16,0.188,21,22,0.955,9,34,43,16,5,7,8,20,-2.0
22013,1610612747,LAL,Los Angeles Lakers,0021300903,2014-03-04,LAL vs. NOP,L,240,125,46,85,0.541,10,22,0.455,23,31,0.742,11,19,30,29,9,5,14,26,-7.0
22013,1610612760,OKC,Oklahoma City Thunder,0021300901,2014-03-04,OKC vs. PHI,W,240,125,43,76,0.566,7,20,0.35,32,43,0.744,9,48,57,31,12,10,22,22,33.0
22013,1610612746,LAC,Los Angeles Clippers,0021300902,2014-03-04,LAC @ PHX,W,240,104,40,78,0.513,8,20,0.4,16,22,0.727,9,31,40,26,7,5,15,21,8.0
22013,1610612755,PHI,Philadelphia 76ers,0021300901,2014-03-04,PHI @ OKC,L,241,92,32,94,0.34,10,30,0.333,18,26,0.692,13,25,38,20,13,0,17,28,-33.0
22013,1610612748,MIA,Miami Heat,0021300900,2014-03-04,MIA @ HOU,L,240,103,38,80,0.475,7,27,0.259,20,29,0.69,10,23,33,19,11,7,8,19,-3.0
22013,1612709913,ERI,Erie BayHawks,2021300296,2014-03-03,ERI @ SPG,W,241,122,51,83,0.614,7,16,0.438,13,16,0.813,6,32,38,26,5,3,15,24,3.0
22013,1612709905,LAD,Los Angeles D-Fenders,2021300297,2014-03-03,LAD vs. DEL,W,240,157,61,119,0.513,19,45,0.422,16,21,0.762,15,34,49,47,16,7,12,18,23.0
22013,1612709917,SPG,Springfield Armor,2021300296,2014-03-03,SPG vs. ERI,L,241,119,40,89,0.449,8,23,0.348,31,38,0.816,14,21,35,19,10,1,10,18,-3.0
22013,1610612757,POR,Portland Trail Blazers,0021300896,2014-03-03,POR vs. LAL,L,240,106,43,96,0.448,9,29,0.31,11,19,0.579,20,33,53,22,8,5,20,13,-1.0
22013,1610612765,DET,Detroit Pistons,0021300892,2014-03-03,DET vs. NYK,W,239,96,35,83,0.422,4,12,0.333,22,30,0.733,15,39,54,21,11,4,16,14,11.0
22013,1610612748,MIA,Miami Heat,0021300893,2014-03-03,MIA vs. CHA,W,240,124,46,83,0.554,16,28,0.571,16,20,0.8,10,26,36,18,7,3,7,18,17.0
22013,1610612750,MIN,Minnesota Timberwolves,0021300895,2014-03-03,MIN @ DEN,W,240,132,38,80,0.475,4,16,0.25,52,64,0.813,14,36,50,21,10,0,17,22,4.0
22013,1610612741,CHI,Chicago Bulls,0021300891,2014-03-03,CHI @ BKN,L,242,80,30,65,0.462,4,13,0.308,16,23,0.696,9,34,43,12,6,1,25,23,-16.0
22013,1612709902,SCW,Santa Cruz Warriors,2021300298,2014-03-03,SCW @ RNO,L,239,97,33,81,0.407,7,16,0.438,24,31,0.774,12,20,32,20,11,5,16,26,-18.0
22013,1610612758,SAC,Sacramento Kings,0021300897,2014-03-03,SAC vs. NOP,W,240,96,32,68,0.471,1,7,0.143,31,41,0.756,16,31,47,11,4,3,18,25,7.0
22013,1610612751,BKN,Brooklyn Nets,0021300891,2014-03-03,BKN vs. CHI,W,239,96,34,73,0.466,7,25,0.28,21,28,0.75,6,22,28,19,19,3,11,18,16.0
22013,1610612766,CHA,Charlotte Bobcats,0021300893,2014-03-03,CHA @ MIA,L,239,107,42,82,0.512,9,23,0.391,14,21,0.667,13,27,40,27,4,0,10,16,-17.0
22013,1610612749,MIL,Milwaukee Bucks,0021300894,2014-03-03,MIL vs. UTA,W,240,114,42,74,0.568,8,13,0.615,22,26,0.846,13,32,45,28,7,4,13,24,26.0
22013,1610612743,DEN,Denver Nuggets,0021300895,2014-03-03,DEN vs. MIN,L,240,128,50,95,0.526,12,33,0.364,16,25,0.64,9,32,41,23,9,5,18,37,-4.0
22013,1610612747,LAL,Los Angeles Lakers,0021300896,2014-03-03,LAL @ POR,W,240,107,43,94,0.457,8,18,0.444,13,15,0.867,12,32,44,29,12,5,16,19,1.0
22013,1612709909,DEL,Delaware 87ers,2021300297,2014-03-03,DEL @ LAD,L,241,134,54,110,0.491,8,32,0.25,18,27,0.667,17,39,56,22,9,6,20,16,-23.0
22013,1610612764,WAS,Washington Wizards,0021300890,2014-03-03,WAS vs. MEM,L,239,104,39,81,0.481,9,19,0.474,17,21,0.81,8,26,34,18,4,2,13,22,-6.0
22013,1610612762,UTA,Utah Jazz,0021300894,2014-03-03,UTA @ MIL,L,240,88,31,79,0.392,6,21,0.286,20,26,0.769,18,21,39,18,5,5,13,21,-26.0
22013,1610612763,MEM,Memphis Grizzlies,0021300890,2014-03-03,MEM @ WAS,W,240,110,43,79,0.544,6,13,0.462,18,21,0.857,7,31,38,26,8,4,13,21,6.0
22013,1610612752,NYK,New York Knicks,0021300892,2014-03-03,NYK @ DET,L,242,85,32,83,0.386,10,28,0.357,11,14,0.786,12,28,40,16,8,6,16,27,-11.0
22013,1610612740,NOP,New Orleans Pelicans,0021300897,2014-03-03,NOP @ SAC,L,240,89,32,75,0.427,6,20,0.3,19,28,0.679,7,23,30,16,8,5,9,35,-7.0
22013,1612709914,RNO,Reno Bighorns,2021300298,2014-03-03,RNO vs. SCW,W,239,115,40,77,0.519,7,18,0.389,28,31,0.903,11,34,45,24,3,6,19,24,18.0
22013,1612709909,DEL,Delaware 87ers,2021300295,2014-03-02,DEL @ BAK,L,240,113,37,87,0.425,12,42,0.286,27,40,0.675,16,34,50,21,11,13,21,31,-6.0
22013,1610612759,SAS,San Antonio Spurs,0021300888,2014-03-02,SAS vs. DAL,W,240,112,39,84,0.464,10,27,0.37,24,28,0.857,11,35,46,28,5,6,13,14,6.0
22013,1610612752,NYK,New York Knicks,0021300883,2014-03-02,NYK @ CHI,L,241,90,35,79,0.443,5,18,0.278,15,18,0.833,12,32,44,17,0,5,12,23,-19.0
22013,1610612754,IND,Indiana Pacers,0021300885,2014-03-02,IND vs. UTA,W,240,94,34,82,0.415,5,15,0.333,21,28,0.75,14,28,42,18,10,8,10,20,3.0
22013,1610612755,PHI,Philadelphia 76ers,0021300886,2014-03-02,PHI @ ORL,L,240,81,32,86,0.372,5,24,0.208,12,18,0.667,13,32,45,16,7,5,19,22,-11.0
22013,1612709893,CTN,Canton Charge,2021300294,2014-03-02,CTN @ SPG,L,240,97,38,82,0.463,5,14,0.357,16,21,0.762,15,31,46,18,4,1,16,17,-13.0
22013,1610612762,UTA,Utah Jazz,0021300885,2014-03-02,UTA @ IND,L,240,91,36,78,0.462,6,14,0.429,13,18,0.722,10,34,44,20,4,6,18,28,-3.0
22013,1610612766,CHA,Charlotte Bobcats,0021300887,2014-03-02,CHA @ OKC,L,240,99,30,68,0.441,8,22,0.364,31,40,0.775,2,27,29,19,7,4,15,23,-17.0
22013,1610612744,GSW,Golden State Warriors,0021300884,2014-03-02,GSW @ TOR,L,240,98,37,88,0.42,8,23,0.348,16,20,0.8,16,25,41,25,5,5,13,22,-6.0
22013,1610612741,CHI,Chicago Bulls,0021300883,2014-03-02,CHI vs. NYK,W,240,109,39,84,0.464,8,22,0.364,23,33,0.697,14,31,45,30,9,5,3,12,19.0
22013,1612709917,SPG,Springfield Armor,2021300294,2014-03-02,SPG vs. CTN,W,240,110,42,81,0.519,9,17,0.529,17,23,0.739,9,27,36,19,7,3,9,17,13.0
22013,1610612761,TOR,Toronto Raptors,0021300884,2014-03-02,TOR vs. GSW,W,240,104,38,79,0.481,8,22,0.364,20,23,0.87,9,30,39,28,6,3,9,18,6.0
22013,1612709889,TUL,Tulsa 66ers,2021300290,2014-03-02,TUL vs. RGV,W,239,128,40,82,0.488,13,31,0.419,35,51,0.686,14,37,51,28,11,1,19,19,8.0
22013,1612709900,BAK,Bakersfield Jam,2021300295,2014-03-02,BAK vs. DEL,W,240,119,40,90,0.444,9,25,0.36,30,37,0.811,16,33,49,17,9,2,18,27,6.0
22013,1612709890,AUS,Austin Toros,2021300293,2014-03-02,AUS @ MNE,L,240,104,40,94,0.426,8,22,0.364,16,25,0.64,13,26,39,17,14,6,11,13,-9.0
22013,1610612753,ORL,Orlando Magic,0021300886,2014-03-02,ORL vs. PHI,W,241,92,35,83,0.422,1,13,0.077,21,27,0.778,11,36,47,17,12,6,13,20,11.0
22013,1610612742,DAL,Dallas Mavericks,0021300888,2014-03-02,DAL @ SAS,L,241,106,45,97,0.464,7,18,0.389,9,14,0.643,14,29,43,24,10,5,7,23,-6.0
22013,1612709908,RGV,Rio Grande Valley Vipers,2021300290,2014-03-02,RGV @ TUL,L,239,120,43,97,0.443,16,43,0.372,18,21,0.857,17,29,46,22,11,2,19,30,-8.0
22013,1612709915,MNE,Maine Red Claws,2021300293,2014-03-02,MNE vs. AUS,W,238,113,43,82,0.524,13,27,0.481,14,19,0.737,11,34,45,26,7,9,22,18,9.0
22013,1610612737,ATL,Atlanta Hawks,0021300889,2014-03-02,ATL @ PHX,L,240,120,44,84,0.524,14,31,0.452,18,26,0.692,7,26,33,24,11,6,12,20,-9.0
22013,1610612760,OKC,Oklahoma City Thunder,0021300887,2014-03-02,OKC vs. CHA,W,238,116,41,82,0.5,8,22,0.364,26,30,0.867,11,33,44,19,10,7,15,29,17.0
22013,1610612756,PHX,Phoenix Suns,0021300889,2014-03-02,PHX vs. ATL,W,239,129,44,80,0.55,15,24,0.625,26,30,0.867,7,34,41,29,9,5,15,21,9.0
22013,1610612738,BOS,Boston Celtics,0021300877,2014-03-01,BOS vs. IND,L,241,97,38,89,0.427,7,21,0.333,14,17,0.824,12,29,41,25,2,5,8,21,-5.0
22013,1612709918,TEX,Texas Legends,2021300291,2014-03-01,TEX vs. LAD,W,256,137,48,90,0.533,13,28,0.464,28,39,0.718,13,42,55,30,12,4,21,18,11.0
22013,1610612764,WAS,Washington Wizards,0021300875,2014-03-01,WAS @ PHI,W,239,122,45,89,0.506,12,26,0.462,20,28,0.714,12,32,44,33,12,6,16,25,19.0
22013,1610612749,MIL,Milwaukee Bucks,0021300878,2014-03-01,MIL vs. BKN,L,240,98,34,74,0.459,5,12,0.417,25,31,0.806,12,31,43,17,6,4,18,19,-9.0
22013,1612709911,IWA,Iowa Energy,2021300289,2014-03-01,IWA @ FWN,L,239,113,37,78,0.474,6,19,0.316,33,44,0.75,6,27,33,10,9,0,16,23,-20.0
22013,1610612754,IND,Indiana Pacers,0021300877,2014-03-01,IND @ BOS,W,239,102,39,77,0.506,5,13,0.385,19,23,0.826,4,34,38,19,5,4,9,19,5.0
22013,1610612751,BKN,Brooklyn Nets,0021300878,2014-03-01,BKN @ MIL,W,241,107,37,83,0.446,10,25,0.4,23,31,0.742,15,26,41,23,14,2,11,19,9.0
22013,1610612763,MEM,Memphis Grizzlies,0021300879,2014-03-01,MEM vs. CLE,W,240,110,44,81,0.543,9,19,0.474,13,18,0.722,11,25,36,24,8,7,9,11,14.0
22013,1610612743,DEN,Denver Nuggets,0021300880,2014-03-01,DEN @ POR,L,239,96,33,83,0.398,7,23,0.304,23,35,0.657,10,30,40,20,4,2,11,24,-6.0
22013,1610612748,MIA,Miami Heat,0021300874,2014-03-01,MIA vs. ORL,W,240,112,43,74,0.581,6,16,0.375,20,24,0.833,9,30,39,20,8,6,17,20,14.0
22013,1610612758,SAC,Sacramento Kings,0021300881,2014-03-01,SAC vs. MIN,L,240,97,37,82,0.451,7,22,0.318,16,21,0.762,11,36,47,22,4,7,19,28,-11.0
22013,1612709910,FWN,Fort Wayne Mad Ants,2021300289,2014-03-01,FWN vs. IWA,W,241,133,49,94,0.521,13,28,0.464,22,26,0.846,17,36,53,29,9,4,18,29,20.0
22013,1610612750,MIN,Minnesota Timberwolves,0021300881,2014-03-01,MIN @ SAC,W,241,108,37,81,0.457,5,21,0.238,29,38,0.763,11,29,40,23,7,4,10,23,11.0
22013,1612709904,SXF,Sioux Falls Skyforce,2021300288,2014-03-01,SXF @ ERI,W,240,104,39,87,0.448,6,19,0.316,20,30,0.667,12,35,47,23,10,3,8,10,3.0
22013,1610612753,ORL,Orlando Magic,0021300874,2014-03-01,ORL @ MIA,L,240,98,36,83,0.434,4,18,0.222,22,29,0.759,15,24,39,18,9,1,12,19,-14.0
22013,1610612739,CLE,Cleveland Cavaliers,0021300879,2014-03-01,CLE @ MEM,L,240,96,39,79,0.494,7,18,0.389,11,15,0.733,8,25,33,20,5,3,12,16,-14.0
22013,1612709905,LAD,Los Angeles D-Fenders,2021300291,2014-03-01,LAD @ TEX,L,255,126,48,111,0.432,15,37,0.405,15,22,0.682,11,29,40,22,13,2,13,23,-11.0
22013,1610612746,LAC,Los Angeles Clippers,0021300882,2014-03-01,LAC vs. NOP,W,242,108,38,81,0.469,9,25,0.36,23,32,0.719,9,36,45,25,9,9,11,22,32.0
22013,1612709913,ERI,Erie BayHawks,2021300288,2014-03-01,ERI vs. SXF,L,239,101,41,92,0.446,10,24,0.417,9,11,0.818,12,37,49,27,7,6,15,23,-3.0
22013,1610612755,PHI,Philadelphia 76ers,0021300875,2014-03-01,PHI vs. WAS,L,240,103,38,84,0.452,5,22,0.227,22,32,0.688,9,31,40,22,11,5,22,24,-19.0
22013,1612709903,IDA,Idaho Stampede,2021300292,2014-03-01,IDA vs. SCW,L,241,95,38,85,0.447,6,22,0.273,13,16,0.813,12,34,46,20,6,3,16,17,-8.0
22013,1610612740,NOP,New Orleans Pelicans,0021300882,2014-03-01,NOP @ LAC,L,239,76,28,85,0.329,3,22,0.136,17,19,0.895,11,33,44,13,4,6,20,29,-32.0
22013,1610612757,POR,Portland Trail Blazers,0021300880,2014-03-01,POR vs. DEN,W,240,102,37,81,0.457,5,27,0.185,23,24,0.958,9,43,52,20,6,3,14,26,6.0
22013,1612709902,SCW,Santa Cruz Warriors,2021300292,2014-03-01,SCW @ IDA,W,240,103,41,85,0.482,4,22,0.182,17,24,0.708,11,34,45,20,10,4,9,19,8.0
22013,1610612745,HOU,Houston Rockets,0021300876,2014-03-01,HOU vs. DET,W,240,118,42,84,0.5,11,33,0.333,23,33,0.697,13,31,44,26,5,5,15,20,8.0
22013,1610612765,DET,Detroit Pistons,0021300876,2014-03-01,DET @ HOU,L,239,110,45,100,0.45,4,19,0.211,16,19,0.842,20,27,47,22,11,7,13,24,-8.0
22013,1612709903,IDA,Idaho Stampede,2021300286,2014-02-28,IDA vs. SCW,L,239,96,35,83,0.422,8,22,0.364,18,22,0.818,9,30,39,21,7,5,17,15,-18.0
22013,1612709904,SXF,Sioux Falls Skyforce,2021300283,2014-02-28,SXF @ DEL,W,240,118,45,92,0.489,5,22,0.227,23,28,0.821,8,38,46,18,9,7,15,21,10.0
22013,1612709915,MNE,Maine Red Claws,2021300281,2014-02-28,MNE vs. CTN,L,241,91,36,77,0.468,6,20,0.3,13,25,0.52,12,34,46,17,4,8,24,18,-18.0
22013,1612709913,ERI,Erie BayHawks,2021300284,2014-02-28,ERI vs. FWN,L,241,102,41,85,0.482,8,27,0.296,12,13,0.923,5,31,36,27,7,2,16,26,-10.0
22013,1612709910,FWN,Fort Wayne Mad Ants,2021300284,2014-02-28,FWN @ ERI,W,240,112,40,87,0.46,5,25,0.2,27,35,0.771,13,35,48,22,8,1,14,18,10.0
22013,1612709893,CTN,Canton Charge,2021300281,2014-02-28,CTN @ MNE,W,240,109,44,89,0.494,7,15,0.467,14,19,0.737,10,27,37,25,16,2,13,25,18.0
22013,1610612759,SAS,San Antonio Spurs,0021300871,2014-02-28,SAS vs. CHA,W,239,92,34,73,0.466,9,20,0.45,15,15,1.0,4,40,44,26,4,8,19,15,10.0
22013,1612709900,BAK,Bakersfield Jam,2021300287,2014-02-28,BAK vs. RNO,L,240,88,34,76,0.447,1,19,0.053,19,26,0.731,12,28,40,15,9,2,23,17,-13.0
22013,1610612740,NOP,New Orleans Pelicans,0021300873,2014-02-28,NOP @ PHX,L,241,104,42,78,0.538,5,13,0.385,15,17,0.882,8,24,32,18,9,4,11,26,-12.0
22013,1612709914,RNO,Reno Bighorns,2021300287,2014-02-28,RNO @ BAK,W,241,101,41,78,0.526,6,19,0.316,13,17,0.765,9,29,38,24,13,7,21,22,13.0
22013,1610612739,CLE,Cleveland Cavaliers,0021300867,2014-02-28,CLE vs. UTA,W,241,99,43,88,0.489,4,15,0.267,9,12,0.75,13,43,56,28,2,4,10,12,20.0
22013,1612709917,SPG,Springfield Armor,2021300282,2014-02-28,SPG vs. AUS,W,241,114,42,86,0.488,8,15,0.533,22,27,0.815,11,34,45,18,8,4,15,13,5.0
22013,1610612744,GSW,Golden State Warriors,0021300869,2014-02-28,GSW @ NYK,W,239,126,44,92,0.478,14,35,0.4,24,31,0.774,12,37,49,25,11,5,15,21,23.0
22013,1610612741,CHI,Chicago Bulls,0021300870,2014-02-28,CHI @ DAL,W,241,100,36,71,0.507,9,19,0.474,19,28,0.679,9,37,46,19,6,2,20,19,9.0
22013,1610612742,DAL,Dallas Mavericks,0021300870,2014-02-28,DAL vs. CHI,L,239,91,34,85,0.4,11,31,0.355,12,17,0.706,13,24,37,17,12,5,13,20,-9.0
22013,1610612766,CHA,Charlotte Bobcats,0021300871,2014-02-28,CHA @ SAS,L,239,82,33,90,0.367,3,17,0.176,13,15,0.867,12,29,41,23,12,3,11,18,-10.0
22013,1610612756,PHX,Phoenix Suns,0021300873,2014-02-28,PHX vs. NOP,W,241,116,40,74,0.541,10,23,0.435,26,32,0.813,12,23,35,21,6,5,14,15,12.0
22013,1610612747,LAL,Los Angeles Lakers,0021300872,2014-02-28,LAL vs. SAC,W,240,126,48,80,0.6,19,27,0.704,11,16,0.688,2,29,31,35,5,11,17,25,4.0
22013,1610612763,MEM,Memphis Grizzlies,0021300868,2014-02-28,MEM @ OKC,L,240,107,41,80,0.513,10,16,0.625,15,20,0.75,9,24,33,30,11,1,12,22,-6.0
22013,1610612758,SAC,Sacramento Kings,0021300872,2014-02-28,SAC @ LAL,L,242,122,47,93,0.505,5,15,0.333,23,32,0.719,15,29,44,29,11,3,11,16,-4.0
22013,1612709909,DEL,Delaware 87ers,2021300283,2014-02-28,DEL vs. SXF,L,239,108,42,111,0.378,7,31,0.226,17,20,0.85,24,36,60,19,11,10,16,19,-10.0
22013,1610612760,OKC,Oklahoma City Thunder,0021300868,2014-02-28,OKC vs. MEM,W,240,113,38,77,0.494,10,22,0.455,27,32,0.844,15,24,39,18,10,8,14,18,6.0
22013,1612709890,AUS,Austin Toros,2021300282,2014-02-28,AUS @ SPG,L,240,109,46,91,0.505,9,23,0.391,8,10,0.8,8,26,34,21,8,1,14,20,-5.0
22013,1612709911,IWA,Iowa Energy,2021300285,2014-02-28,IWA vs. TUL,L,242,113,40,92,0.435,7,22,0.318,26,40,0.65,14,32,46,19,1,4,16,24,-4.0
22013,1612709889,TUL,Tulsa 66ers,2021300285,2014-02-28,TUL @ IWA,W,240,117,41,92,0.446,9,29,0.31,26,33,0.788,15,36,51,18,9,10,18,31,4.0
22013,1610612762,UTA,Utah Jazz,0021300867,2014-02-28,UTA @ CLE,L,239,79,28,80,0.35,14,29,0.483,9,14,0.643,6,25,31,20,6,6,9,15,-20.0
22013,1612709902,SCW,Santa Cruz Warriors,2021300286,2014-02-28,SCW @ IDA,W,241,114,47,102,0.461,9,29,0.31,11,13,0.846,21,33,54,26,13,5,13,14,18.0
22013,1610612752,NYK,New York Knicks,0021300869,2014-02-28,NYK vs. GSW,L,239,103,36,95,0.379,10,25,0.4,21,23,0.913,13,37,50,14,8,4,17,24,-23.0
22013,1610612761,TOR,Toronto Raptors,0021300864,2014-02-27,TOR vs. WAS,L,313,129,45,100,0.45,12,30,0.4,27,36,0.75,11,39,50,29,10,5,17,35,-5.0
22013,1610612749,MIL,Milwaukee Bucks,0021300863,2014-02-27,MIL @ IND,L,240,96,38,87,0.437,12,24,0.5,8,11,0.727,10,25,35,19,7,4,12,22,-5.0
22013,1610612751,BKN,Brooklyn Nets,0021300866,2014-02-27,BKN @ DEN,W,240,112,39,82,0.476,10,31,0.323,24,29,0.828,8,35,43,21,12,5,15,25,23.0
22013,1612709893,CTN,Canton Charge,2021300278,2014-02-27,CTN @ MNE,L,239,105,40,83,0.482,4,9,0.444,21,27,0.778,7,41,48,18,5,1,11,16,-5.0
22013,1610612752,NYK,New York Knicks,0021300865,2014-02-27,NYK @ MIA,L,240,82,31,83,0.373,4,23,0.174,16,22,0.727,14,26,40,16,7,1,13,21,-26.0
22013,1612709890,AUS,Austin Toros,2021300279,2014-02-27,AUS @ SPG,L,240,94,40,89,0.449,5,22,0.227,9,13,0.692,7,27,34,18,9,2,16,20,-24.4
22013,1612709915,MNE,Maine Red Claws,2021300278,2014-02-27,MNE vs. CTN,W,241,110,40,91,0.44,16,34,0.471,14,21,0.667,10,33,43,29,7,8,8,21,5.0
22013,1610612743,DEN,Denver Nuggets,0021300866,2014-02-27,DEN vs. BKN,L,239,89,30,81,0.37,6,22,0.273,23,33,0.697,15,31,46,14,6,6,24,22,-23.0
22013,1610612754,IND,Indiana Pacers,0021300863,2014-02-27,IND vs. MIL,W,239,101,38,74,0.514,6,15,0.4,19,22,0.864,12,35,47,22,7,3,19,15,5.0
22013,1610612764,WAS,Washington Wizards,0021300864,2014-02-27,WAS @ TOR,W,316,134,51,108,0.472,5,22,0.227,27,37,0.73,18,39,57,22,10,7,14,32,5.0
22013,1610612748,MIA,Miami Heat,0021300865,2014-02-27,MIA vs. NYK,W,240,108,45,74,0.608,6,15,0.4,12,18,0.667,3,36,39,18,5,3,12,22,26.0
22013,1612709918,TEX,Texas Legends,2021300280,2014-02-27,TEX vs. LAD,W,240,121,53,111,0.477,8,27,0.296,7,13,0.538,22,45,67,38,12,9,19,17,18.0
22013,1612709917,SPG,Springfield Armor,2021300279,2014-02-27,SPG vs. AUS,W,240,120,47,90,0.522,8,23,0.348,18,24,0.75,15,37,52,28,9,3,15,14,26.0
22013,1612709905,LAD,Los Angeles D-Fenders,2021300280,2014-02-27,LAD @ TEX,L,239,103,38,104,0.365,6,32,0.188,21,25,0.84,19,34,53,17,11,9,18,17,-18.0
22013,1612709918,TEX,Texas Legends,2021300276,2014-02-26,TEX vs. TUL,L,239,84,31,80,0.388,8,30,0.267,14,25,0.56,13,37,50,22,5,8,19,22,-15.0
22013,1610612745,HOU,Houston Rockets,0021300862,2014-02-26,HOU @ LAC,L,239,93,34,77,0.442,8,25,0.32,17,24,0.708,12,34,46,19,6,4,20,20,-8.0
22013,1610612740,NOP,New Orleans Pelicans,0021300856,2014-02-26,NOP @ DAL,L,242,89,36,71,0.507,9,20,0.45,8,19,0.421,10,30,40,22,4,3,19,14,-19.0
22013,1610612742,DAL,Dallas Mavericks,0021300856,2014-02-26,DAL vs. NOP,W,238,108,41,79,0.519,10,22,0.455,16,17,0.941,4,30,34,28,15,4,9,14,19.0
22013,1610612757,POR,Portland Trail Blazers,0021300861,2014-02-26,POR vs. BKN,W,240,124,46,86,0.535,13,31,0.419,19,21,0.905,13,40,53,29,6,6,11,15,44.0
22013,1610612751,BKN,Brooklyn Nets,0021300861,2014-02-26,BKN @ POR,L,239,80,32,81,0.395,4,22,0.182,12,17,0.706,7,22,29,18,8,1,12,18,-44.0
22013,1610612763,MEM,Memphis Grizzlies,0021300857,2014-02-26,MEM vs. LAL,W,241,108,45,92,0.489,4,13,0.308,14,21,0.667,13,32,45,28,8,5,12,18,5.0
22013,1610612739,CLE,Cleveland Cavaliers,0021300858,2014-02-26,CLE @ OKC,W,240,114,40,86,0.465,11,26,0.423,23,24,0.958,13,28,41,24,12,1,16,14,10.0
22013,1610612753,ORL,Orlando Magic,0021300853,2014-02-26,ORL @ PHI,W,240,101,39,94,0.415,9,18,0.5,14,16,0.875,10,45,55,23,6,10,10,21,11.0
22013,1610612744,GSW,Golden State Warriors,0021300855,2014-02-26,GSW @ CHI,L,240,83,30,84,0.357,5,21,0.238,18,22,0.818,9,32,41,17,6,7,16,27,-20.0
22013,1612709902,SCW,Santa Cruz Warriors,2021300277,2014-02-26,SCW @ RGV,L,241,124,45,94,0.479,13,38,0.342,21,28,0.75,12,29,41,24,11,3,15,21,-14.0
22013,1610612755,PHI,Philadelphia 76ers,0021300853,2014-02-26,PHI vs. ORL,L,240,90,32,87,0.368,5,22,0.227,21,28,0.75,9,33,42,16,6,6,8,18,-11.0
22013,1612709908,RGV,Rio Grande Valley Vipers,2021300277,2014-02-26,RGV vs. SCW,W,239,138,46,89,0.517,20,44,0.455,26,33,0.788,13,37,50,29,8,5,18,22,14.0
22013,1610612765,DET,Detroit Pistons,0021300859,2014-02-26,DET @ SAS,L,240,110,45,90,0.5,5,10,0.5,15,17,0.882,9,28,37,24,10,4,13,19,-10.0
22013,1610612756,PHX,Phoenix Suns,0021300860,2014-02-26,PHX @ UTA,L,241,86,31,80,0.388,6,19,0.316,18,29,0.621,14,26,40,14,7,5,13,21,-23.0
22013,1610612747,LAL,Los Angeles Lakers,0021300857,2014-02-26,LAL @ MEM,L,240,103,38,77,0.494,15,28,0.536,12,18,0.667,5,29,34,24,5,10,15,15,-5.0
22013,1610612760,OKC,Oklahoma City Thunder,0021300858,2014-02-26,OKC vs. CLE,L,240,104,39,80,0.488,13,31,0.419,13,17,0.765,11,29,40,26,8,6,19,17,-10.0
22013,1610612762,UTA,Utah Jazz,0021300860,2014-02-26,UTA vs. PHX,W,241,109,42,74,0.568,9,18,0.5,16,24,0.667,8,36,44,22,5,4,14,24,23.0
22013,1610612746,LAC,Los Angeles Clippers,0021300862,2014-02-26,LAC vs. HOU,W,241,101,41,93,0.441,8,24,0.333,11,13,0.846,14,28,42,25,12,8,11,23,8.0
22013,1610612738,BOS,Boston Celtics,0021300854,2014-02-26,BOS vs. ATL,W,240,115,43,90,0.478,8,22,0.364,21,23,0.913,14,32,46,24,10,1,14,24,11.0
22013,1612709889,TUL,Tulsa 66ers,2021300276,2014-02-26,TUL @ TEX,W,239,99,36,92,0.391,6,28,0.214,21,24,0.875,16,36,52,22,11,3,12,18,15.0
22013,1610612741,CHI,Chicago Bulls,0021300855,2014-02-26,CHI vs. GSW,W,240,103,37,83,0.446,5,14,0.357,24,30,0.8,16,40,56,24,8,9,16,24,20.0
22013,1610612737,ATL,Atlanta Hawks,0021300854,2014-02-26,ATL @ BOS,L,240,104,38,76,0.5,9,19,0.474,19,24,0.792,6,23,29,23,6,6,18,25,-11.0
22013,1610612759,SAS,San Antonio Spurs,0021300859,2014-02-26,SAS vs. DET,W,241,120,44,82,0.537,9,19,0.474,23,25,0.92,9,28,37,34,10,7,18,16,10.0
22013,1610612758,SAC,Sacramento Kings,0021300852,2014-02-25,SAC vs. HOU,L,241,103,36,90,0.4,5,18,0.278,26,31,0.839,12,25,37,17,13,1,12,27,-26.0
22013,1610612739,CLE,Cleveland Cavaliers,0021300846,2014-02-25,CLE vs. TOR,L,240,93,34,84,0.405,5,17,0.294,20,24,0.833,14,29,43,24,6,1,12,21,-6.0
22013,1610612745,HOU,Houston Rockets,0021300852,2014-02-25,HOU @ SAC,W,240,129,41,72,0.569,11,22,0.5,36,42,0.857,7,38,45,25,5,6,19,26,26.0
22013,1610612741,CHI,Chicago Bulls,0021300849,2014-02-25,CHI @ ATL,W,241,107,37,88,0.42,8,24,0.333,25,29,0.862,15,33,48,24,11,2,12,15,4.0
22013,1610612747,LAL,Los Angeles Lakers,0021300847,2014-02-25,LAL @ IND,L,240,98,39,90,0.433,8,23,0.348,12,20,0.6,10,32,42,22,11,12,16,23,-20.0
22013,1610612754,IND,Indiana Pacers,0021300847,2014-02-25,IND vs. LAL,W,240,118,47,101,0.465,5,16,0.313,19,25,0.76,21,41,62,25,11,10,17,21,20.0
22013,1610612737,ATL,Atlanta Hawks,0021300849,2014-02-25,ATL vs. CHI,L,240,103,38,84,0.452,14,33,0.424,13,16,0.813,11,31,42,21,7,2,16,22,-4.0
22013,1610612750,MIN,Minnesota Timberwolves,0021300851,2014-02-25,MIN @ PHX,W,240,110,42,87,0.483,5,18,0.278,21,32,0.656,10,28,38,24,11,5,15,21,9.0
22013,1610612756,PHX,Phoenix Suns,0021300851,2014-02-25,PHX vs. MIN,L,239,101,42,95,0.442,3,15,0.2,14,18,0.778,18,32,50,19,10,9,19,30,-9.0
22013,1610612757,POR,Portland Trail Blazers,0021300850,2014-02-25,POR @ DEN,W,239,100,28,76,0.368,12,31,0.387,32,38,0.842,7,34,41,17,8,12,13,21,5.0
22013,1610612764,WAS,Washington Wizards,0021300848,2014-02-25,WAS vs. ORL,W,240,115,42,80,0.525,10,16,0.625,21,28,0.75,9,27,36,24,8,2,12,15,9.0
22013,1610612761,TOR,Toronto Raptors,0021300846,2014-02-25,TOR @ CLE,W,239,99,35,79,0.443,10,32,0.313,19,24,0.792,10,29,39,27,5,6,14,21,6.0
22013,1610612753,ORL,Orlando Magic,0021300848,2014-02-25,ORL @ WAS,L,239,106,43,86,0.5,8,25,0.32,12,14,0.857,15,30,45,24,5,3,17,26,-9.0
22013,1610612743,DEN,Denver Nuggets,0021300850,2014-02-25,DEN vs. POR,L,240,95,37,103,0.359,4,20,0.2,17,26,0.654,27,37,64,19,7,5,15,25,-5.0
22013,1610612762,UTA,Utah Jazz,0021300845,2014-02-24,UTA vs. BOS,W,240,110,44,80,0.55,6,17,0.353,16,21,0.762,11,27,38,25,8,8,12,21,12.0
22013,1610612746,LAC,Los Angeles Clippers,0021300844,2014-02-24,LAC @ NOP,W,239,123,43,83,0.518,16,28,0.571,21,26,0.808,10,30,40,34,4,5,9,28,13.0
22013,1610612738,BOS,Boston Celtics,0021300845,2014-02-24,BOS @ UTA,L,238,98,37,84,0.44,4,15,0.267,20,21,0.952,13,18,31,16,6,2,14,18,-12.0
22013,1612709917,SPG,Springfield Armor,2021300274,2014-02-24,SPG @ LAD,L,239,128,49,95,0.516,6,20,0.3,24,31,0.774,12,32,44,27,8,2,16,25,-6.0
22013,1610612752,NYK,New York Knicks,0021300843,2014-02-24,NYK vs. DAL,L,239,108,40,76,0.526,14,33,0.424,14,16,0.875,11,30,41,23,3,3,19,24,-2.0
22013,1612709905,LAD,Los Angeles D-Fenders,2021300274,2014-02-24,LAD vs. SPG,W,240,134,45,90,0.5,12,25,0.48,32,38,0.842,12,32,44,24,12,5,14,26,6.0
22013,1612709900,BAK,Bakersfield Jam,2021300275,2014-02-24,BAK vs. IDA,L,239,99,41,97,0.423,7,27,0.259,10,15,0.667,19,37,56,22,10,0,17,26,-4.0
22013,1610612765,DET,Detroit Pistons,0021300842,2014-02-24,DET vs. GSW,L,239,96,40,99,0.404,4,13,0.308,12,18,0.667,16,29,45,26,7,6,8,23,-8.0
22013,1610612755,PHI,Philadelphia 76ers,0021300841,2014-02-24,PHI vs. MIL,L,241,110,43,88,0.489,8,24,0.333,16,23,0.696,11,17,28,28,16,5,17,22,-20.0
22013,1610612740,NOP,New Orleans Pelicans,0021300844,2014-02-24,NOP vs. LAC,L,240,110,37,87,0.425,7,18,0.389,29,35,0.829,20,30,50,24,2,7,9,23,-13.0
22013,1612709903,IDA,Idaho Stampede,2021300275,2014-02-24,IDA @ BAK,W,240,103,38,84,0.452,7,27,0.259,20,27,0.741,9,34,43,18,8,9,18,15,4.0
22013,1610612744,GSW,Golden State Warriors,0021300842,2014-02-24,GSW @ DET,W,239,104,38,82,0.463,13,31,0.419,15,22,0.682,11,33,44,27,3,7,13,19,8.0
22013,1610612742,DAL,Dallas Mavericks,0021300843,2014-02-24,DAL @ NYK,W,240,110,41,86,0.477,15,36,0.417,13,16,0.813,11,23,34,27,5,3,10,19,2.0
22013,1610612749,MIL,Milwaukee Bucks,0021300841,2014-02-24,MIL @ PHI,W,241,130,48,84,0.571,12,20,0.6,22,29,0.759,20,27,47,32,7,6,23,21,20.0
22013,1610612743,DEN,Denver Nuggets,0021300837,2014-02-23,DEN vs. SAC,L,242,95,33,88,0.375,15,32,0.469,14,21,0.667,10,30,40,23,11,7,19,28,-14.0
22013,1610612746,LAC,Los Angeles Clippers,0021300833,2014-02-23,LAC @ OKC,W,240,125,42,81,0.519,13,30,0.433,28,39,0.718,10,34,44,26,8,2,17,23,8.0
22013,1610612761,TOR,Toronto Raptors,0021300836,2014-02-23,TOR vs. ORL,W,241,105,34,65,0.523,9,17,0.529,28,36,0.778,9,41,50,23,4,4,23,22,15.0
22013,1610612758,SAC,Sacramento Kings,0021300837,2014-02-23,SAC @ DEN,W,240,109,37,78,0.474,5,13,0.385,30,36,0.833,10,35,45,18,12,10,21,21,14.0
22013,1610612764,WAS,Washington Wizards,0021300835,2014-02-23,WAS @ CLE,W,240,96,41,96,0.427,8,20,0.4,6,10,0.6,15,33,48,26,7,3,5,19,13.0
22013,1610612760,OKC,Oklahoma City Thunder,0021300833,2014-02-23,OKC vs. LAC,L,241,117,43,93,0.462,12,29,0.414,19,24,0.792,10,27,37,26,9,3,14,30,-8.0
22013,1610612757,POR,Portland Trail Blazers,0021300840,2014-02-23,POR vs. MIN,W,240,108,40,83,0.482,13,28,0.464,15,16,0.938,12,34,46,19,4,7,12,23,11.0
22013,1610612751,BKN,Brooklyn Nets,0021300839,2014-02-23,BKN @ LAL,W,239,108,36,76,0.474,12,25,0.48,24,32,0.75,12,29,41,28,13,2,18,20,6.0
22013,1612709910,FWN,Fort Wayne Mad Ants,2021300273,2014-02-23,FWN @ IWA,L,239,117,45,101,0.446,9,28,0.321,18,22,0.818,18,32,50,20,8,1,18,25,-8.0
22013,1610612750,MIN,Minnesota Timberwolves,0021300840,2014-02-23,MIN @ POR,L,240,97,37,94,0.394,9,28,0.321,14,20,0.7,21,27,48,18,5,2,14,21,-11.0
22013,1612709911,IWA,Iowa Energy,2021300273,2014-02-23,IWA vs. FWN,W,240,125,45,86,0.523,10,23,0.435,25,35,0.714,13,33,46,23,6,6,15,15,8.0
22013,1610612753,ORL,Orlando Magic,0021300836,2014-02-23,ORL @ TOR,L,240,90,36,87,0.414,5,14,0.357,13,17,0.765,9,23,32,20,14,2,9,25,-15.0
22013,1610612739,CLE,Cleveland Cavaliers,0021300835,2014-02-23,CLE vs. WAS,L,240,83,30,78,0.385,2,18,0.111,21,26,0.808,13,38,51,15,2,2,12,12,-13.0
22013,1612709890,AUS,Austin Toros,2021300272,2014-02-23,AUS vs. SCW,L,239,103,40,87,0.46,11,28,0.393,12,16,0.75,7,26,33,18,9,6,14,17,-20.0
22013,1610612748,MIA,Miami Heat,0021300834,2014-02-23,MIA vs. CHI,W,240,93,37,88,0.42,9,23,0.391,10,14,0.714,15,26,41,22,8,7,7,19,14.0
22013,1610612747,LAL,Los Angeles Lakers,0021300839,2014-02-23,LAL vs. BKN,L,241,102,39,76,0.513,7,17,0.412,17,26,0.654,10,27,37,17,11,5,17,24,-6.0
22013,1610612741,CHI,Chicago Bulls,0021300834,2014-02-23,CHI @ MIA,L,240,79,29,81,0.358,6,21,0.286,15,17,0.882,15,36,51,18,2,4,12,15,-14.0
22013,1612709902,SCW,Santa Cruz Warriors,2021300272,2014-02-23,SCW @ AUS,W,240,123,50,95,0.526,9,20,0.45,14,19,0.737,21,40,61,19,7,3,16,13,20.0
22013,1610612745,HOU,Houston Rockets,0021300838,2014-02-23,HOU @ PHX,W,239,115,41,78,0.526,5,16,0.313,28,32,0.875,10,33,43,25,10,3,22,19,3.0
22013,1610612756,PHX,Phoenix Suns,0021300838,2014-02-23,PHX vs. HOU,L,239,112,42,86,0.488,11,26,0.423,17,24,0.708,9,25,34,16,14,2,16,18,-3.0
22013,1610612752,NYK,New York Knicks,0021300827,2014-02-22,NYK @ ATL,L,240,98,39,89,0.438,10,28,0.357,10,16,0.625,8,33,41,22,6,4,10,24,-9.0
22013,1612709908,RGV,Rio Grande Valley Vipers,2021300269,2014-02-22,RGV vs. TUL,L,240,125,43,97,0.443,24,52,0.462,15,21,0.714,13,28,41,25,5,8,19,28,-17.0
22013,1612709905,LAD,Los Angeles D-Fenders,2021300270,2014-02-22,LAD vs. IDA,L,256,128,41,98,0.418,14,37,0.378,32,40,0.8,19,29,48,26,8,4,17,22,0.0
22013,1610612751,BKN,Brooklyn Nets,0021300832,2014-02-22,BKN @ GSW,L,241,86,32,78,0.41,2,21,0.095,20,24,0.833,7,32,39,11,5,2,16,14,-7.0
22013,1610612764,WAS,Washington Wizards,0021300826,2014-02-22,WAS vs. NOP,W,240,94,36,74,0.486,3,14,0.214,19,26,0.731,9,33,42,23,6,7,17,15,1.0
22013,1612709915,MNE,Maine Red Claws,2021300271,2014-02-22,MNE @ RNO,L,255,95,33,87,0.379,6,19,0.316,23,35,0.657,15,35,50,21,12,5,21,29,-6.0
22013,1612709893,CTN,Canton Charge,2021300267,2014-02-22,CTN vs. TEX,W,240,118,39,75,0.52,6,13,0.462,34,40,0.85,7,40,47,24,8,4,11,17,12.0
22013,1612709909,DEL,Delaware 87ers,2021300266,2014-02-22,DEL @ ERI,W,240,135,50,86,0.581,21,36,0.583,14,25,0.56,4,35,39,26,13,4,16,22,22.0
22013,1610612750,MIN,Minnesota Timberwolves,0021300830,2014-02-22,MIN @ UTA,W,241,121,43,84,0.512,11,22,0.5,24,33,0.727,12,37,49,30,4,3,11,24,17.0
22013,1610612744,GSW,Golden State Warriors,0021300832,2014-02-22,GSW vs. BKN,W,241,93,37,85,0.435,6,20,0.3,13,17,0.765,12,38,50,26,12,4,10,22,7.0
22013,1612709918,TEX,Texas Legends,2021300267,2014-02-22,TEX @ CTN,L,239,106,41,91,0.451,8,32,0.25,16,23,0.696,10,28,38,18,6,3,10,30,-12.0
22013,1612709903,IDA,Idaho Stampede,2021300270,2014-02-22,IDA @ LAD,W,255,129,49,97,0.505,7,20,0.35,24,28,0.857,13,34,47,34,9,8,17,31,0.0
22013,1610612765,DET,Detroit Pistons,0021300828,2014-02-22,DET vs. DAL,L,241,102,40,82,0.488,2,11,0.182,20,30,0.667,9,30,39,21,7,6,10,19,-11.0
22013,1610612737,ATL,Atlanta Hawks,0021300827,2014-02-22,ATL vs. NYK,W,241,107,32,74,0.432,16,31,0.516,27,33,0.818,7,33,40,19,2,4,10,18,9.0
22013,1610612754,IND,Indiana Pacers,0021300829,2014-02-22,IND @ MIL,W,240,110,36,80,0.45,9,18,0.5,29,40,0.725,10,30,40,19,6,6,9,23,10.0
22013,1610612758,SAC,Sacramento Kings,0021300831,2014-02-22,SAC vs. BOS,W,240,105,38,73,0.521,5,9,0.556,24,28,0.857,3,35,38,18,6,3,17,27,7.0
22013,1612709904,SXF,Sioux Falls Skyforce,2021300268,2014-02-22,SXF @ FWN,L,240,96,38,89,0.427,6,23,0.261,14,22,0.636,14,34,48,18,6,3,9,20,-7.0
22013,1610612762,UTA,Utah Jazz,0021300830,2014-02-22,UTA vs. MIN,L,239,104,37,79,0.468,3,19,0.158,27,36,0.75,5,29,34,16,8,7,8,25,-17.0
22013,1610612740,NOP,New Orleans Pelicans,0021300826,2014-02-22,NOP @ WAS,L,239,93,35,81,0.432,6,13,0.462,17,21,0.81,8,30,38,20,9,3,15,22,-1.0
22013,1610612749,MIL,Milwaukee Bucks,0021300829,2014-02-22,MIL vs. IND,L,241,100,35,83,0.422,9,27,0.333,21,32,0.656,15,37,52,20,4,3,12,32,-10.0
22013,1610612742,DAL,Dallas Mavericks,0021300828,2014-02-22,DAL @ DET,W,242,113,44,90,0.489,8,23,0.348,17,22,0.773,16,34,50,31,8,6,14,19,11.0
22013,1610612763,MEM,Memphis Grizzlies,0021300825,2014-02-22,MEM @ CHA,L,241,89,34,79,0.43,4,15,0.267,17,22,0.773,7,35,42,17,6,5,15,24,-3.0
22013,1610612738,BOS,Boston Celtics,0021300831,2014-02-22,BOS @ SAC,L,239,98,34,87,0.391,6,21,0.286,24,36,0.667,15,27,42,17,8,3,14,19,-7.0
22013,1610612766,CHA,Charlotte Bobcats,0021300825,2014-02-22,CHA vs. MEM,W,240,92,30,82,0.366,8,20,0.4,24,27,0.889,9,33,42,16,4,4,11,18,3.0
22013,1612709889,TUL,Tulsa 66ers,2021300269,2014-02-22,TUL @ RGV,W,240,142,55,92,0.598,7,19,0.368,25,37,0.676,12,39,51,29,13,10,14,23,17.0
22013,1612709914,RNO,Reno Bighorns,2021300271,2014-02-22,RNO vs. MNE,W,256,101,35,88,0.398,5,11,0.455,26,38,0.684,16,40,56,17,15,6,19,23,6.0
22013,1612709910,FWN,Fort Wayne Mad Ants,2021300268,2014-02-22,FWN vs. SXF,W,241,103,36,90,0.4,13,33,0.394,18,22,0.818,11,39,50,24,4,1,11,20,7.0
22013,1612709913,ERI,Erie BayHawks,2021300266,2014-02-22,ERI vs. DEL,L,241,113,45,88,0.511,2,11,0.182,21,32,0.656,12,36,48,22,10,6,19,17,-22.0
22013,1612709908,RGV,Rio Grande Valley Vipers,2021300263,2014-02-21,RGV vs. TUL,L,240,120,41,96,0.427,15,49,0.306,23,28,0.821,18,24,42,29,9,4,16,25,-25.0
22013,1610612741,CHI,Chicago Bulls,0021300820,2014-02-21,CHI vs. DEN,W,240,117,42,84,0.5,10,17,0.588,23,27,0.852,11,39,50,28,8,7,12,22,28.0
22013,1612709890,AUS,Austin Toros,2021300262,2014-02-21,AUS @ SXF,W,270,130,48,90,0.533,7,22,0.318,27,36,0.75,16,38,54,25,10,2,17,21,3.0
22013,1612709913,ERI,Erie BayHawks,2021300261,2014-02-21,ERI @ CTN,L,239,82,31,79,0.392,7,22,0.318,13,21,0.619,9,26,35,19,8,8,16,23,-22.0
22013,1610612753,ORL,Orlando Magic,0021300816,2014-02-21,ORL vs. NYK,W,291,129,49,99,0.495,9,16,0.563,22,26,0.846,7,42,49,29,7,3,11,19,8.0
22013,1610612743,DEN,Denver Nuggets,0021300820,2014-02-21,DEN @ CHI,L,240,89,35,87,0.402,7,15,0.467,12,22,0.545,12,28,40,12,5,8,14,23,-28.0
22013,1612709902,SCW,Santa Cruz Warriors,2021300265,2014-02-21,SCW vs. SPG,L,240,80,29,84,0.345,5,25,0.2,17,21,0.81,15,34,49,13,10,8,16,24,-17.0
22013,1610612752,NYK,New York Knicks,0021300816,2014-02-21,NYK @ ORL,L,290,121,45,95,0.474,15,34,0.441,16,23,0.696,7,37,44,24,6,4,13,21,-8.0
22013,1610612739,CLE,Cleveland Cavaliers,0021300818,2014-02-21,CLE @ TOR,L,239,91,32,82,0.39,6,20,0.3,21,29,0.724,17,30,47,21,5,8,14,18,-7.0
22013,1610612737,ATL,Atlanta Hawks,0021300819,2014-02-21,ATL @ DET,L,240,107,40,88,0.455,13,31,0.419,14,20,0.7,12,29,41,25,7,4,10,22,-8.0
22013,1610612761,TOR,Toronto Raptors,0021300818,2014-02-21,TOR vs. CLE,W,242,98,40,93,0.43,7,21,0.333,11,13,0.846,12,30,42,23,8,4,8,23,7.0
22013,1612709893,CTN,Canton Charge,2021300261,2014-02-21,CTN vs. ERI,W,241,104,41,78,0.526,4,10,0.4,18,28,0.643,13,40,53,23,9,3,14,17,22.0
22013,1612709904,SXF,Sioux Falls Skyforce,2021300262,2014-02-21,SXF vs. AUS,L,269,127,45,89,0.506,17,36,0.472,20,27,0.741,9,25,34,27,11,2,18,25,-3.0
22013,1610612755,PHI,Philadelphia 76ers,0021300817,2014-02-21,PHI vs. DAL,L,240,112,42,94,0.447,5,25,0.2,23,32,0.719,14,20,34,22,15,0,15,21,-12.0
22013,1610612742,DAL,Dallas Mavericks,0021300817,2014-02-21,DAL @ PHI,W,240,124,48,77,0.623,9,23,0.391,19,25,0.76,8,40,48,39,9,7,23,24,12.0
22013,1610612738,BOS,Boston Celtics,0021300824,2014-02-21,BOS @ LAL,L,240,92,38,97,0.392,4,22,0.182,12,17,0.706,16,31,47,23,11,1,14,19,-9.0
22013,1612709917,SPG,Springfield Armor,2021300265,2014-02-21,SPG @ SCW,W,240,97,38,89,0.427,6,17,0.353,15,24,0.625,17,39,56,15,8,3,13,18,17.0
22013,1612709914,RNO,Reno Bighorns,2021300264,2014-02-21,RNO vs. MNE,W,240,114,43,83,0.518,6,12,0.5,22,33,0.667,14,30,44,22,11,3,15,21,6.0
22013,1610612762,UTA,Utah Jazz,0021300823,2014-02-21,UTA @ POR,L,240,94,37,82,0.451,6,13,0.462,14,18,0.778,9,31,40,20,8,5,14,18,-8.0
22013,1610612746,LAC,Los Angeles Clippers,0021300821,2014-02-21,LAC @ MEM,L,240,96,31,80,0.388,7,24,0.292,27,43,0.628,13,34,47,23,6,4,12,15,-6.0
22013,1610612763,MEM,Memphis Grizzlies,0021300821,2014-02-21,MEM vs. LAC,W,242,102,42,87,0.483,5,15,0.333,13,15,0.867,6,36,42,27,7,9,11,30,6.0
22013,1612709918,TEX,Texas Legends,2021300260,2014-02-21,TEX @ DEL,L,241,117,37,77,0.481,11,22,0.5,32,36,0.889,10,32,42,20,7,1,24,23,-4.0
22013,1610612747,LAL,Los Angeles Lakers,0021300824,2014-02-21,LAL vs. BOS,W,238,101,40,83,0.482,7,22,0.318,14,19,0.737,9,37,46,23,7,7,18,19,9.0
22013,1610612759,SAS,San Antonio Spurs,0021300822,2014-02-21,SAS @ PHX,L,239,85,29,83,0.349,2,21,0.095,25,27,0.926,15,32,47,12,5,0,18,17,-21.0
22013,1610612740,NOP,New Orleans Pelicans,0021300815,2014-02-21,NOP @ CHA,L,239,87,35,83,0.422,9,23,0.391,8,11,0.727,6,32,38,20,2,7,10,27,-3.0
22013,1610612766,CHA,Charlotte Bobcats,0021300815,2014-02-21,CHA vs. NOP,W,240,90,31,80,0.388,3,15,0.2,25,36,0.694,14,33,47,17,5,9,11,16,3.0
22013,1610612765,DET,Detroit Pistons,0021300819,2014-02-21,DET vs. ATL,W,240,115,47,87,0.54,8,20,0.4,13,29,0.448,16,30,46,32,6,5,11,20,8.0
22013,1610612757,POR,Portland Trail Blazers,0021300823,2014-02-21,POR vs. UTA,W,240,102,39,91,0.429,7,20,0.35,17,17,1.0,12,33,45,16,5,9,11,19,8.0
22013,1612709915,MNE,Maine Red Claws,2021300264,2014-02-21,MNE @ RNO,L,242,108,44,86,0.512,11,32,0.344,9,17,0.529,11,24,35,21,9,4,19,23,-6.0
22013,1612709889,TUL,Tulsa 66ers,2021300263,2014-02-21,TUL @ RGV,W,241,144,50,84,0.595,13,26,0.5,31,37,0.838,9,34,43,36,8,7,14,19,25.0
22013,1612709909,DEL,Delaware 87ers,2021300260,2014-02-21,DEL vs. TEX,W,241,121,46,93,0.495,13,35,0.371,16,26,0.615,10,28,38,29,12,5,15,27,4.0
22013,1610612756,PHX,Phoenix Suns,0021300822,2014-02-21,PHX vs. SAS,W,243,106,42,82,0.512,5,25,0.2,17,25,0.68,9,34,43,19,11,6,12,20,21.0
22013,1610612745,HOU,Houston Rockets,0021300814,2014-02-20,HOU @ GSW,L,265,99,37,101,0.366,9,30,0.3,16,25,0.64,21,39,60,24,4,6,12,25,-3.0
22013,1612709917,SPG,Springfield Armor,2021300259,2014-02-20,SPG @ SCW,W,241,94,36,83,0.434,7,25,0.28,15,24,0.625,10,40,50,22,9,7,14,21,14.0
22013,1610612760,OKC,Oklahoma City Thunder,0021300813,2014-02-20,OKC vs. MIA,L,241,81,28,74,0.378,2,20,0.1,23,30,0.767,11,27,38,15,11,2,20,24,-22.0
22013,1612709902,SCW,Santa Cruz Warriors,2021300259,2014-02-20,SCW vs. SPG,L,240,80,30,86,0.349,1,22,0.045,19,29,0.655,16,37,53,14,7,4,13,18,-14.0
22013,1610612744,GSW,Golden State Warriors,0021300814,2014-02-20,GSW vs. HOU,W,265,102,37,93,0.398,9,27,0.333,19,24,0.792,14,35,49,18,8,9,12,24,3.0
22013,1610612749,MIL,Milwaukee Bucks,0021300812,2014-02-20,MIL vs. DEN,L,240,90,35,82,0.427,4,21,0.19,16,20,0.8,12,24,36,15,4,6,12,20,-11.0
22013,1610612743,DEN,Denver Nuggets,0021300812,2014-02-20,DEN @ MIL,W,240,101,39,76,0.513,8,18,0.444,15,26,0.577,12,29,41,22,6,6,15,20,11.0
22013,1610612748,MIA,Miami Heat,0021300813,2014-02-20,MIA @ OKC,W,241,103,41,75,0.547,5,21,0.238,16,21,0.762,8,33,41,24,15,3,18,20,22.0
22013,1610612765,DET,Detroit Pistons,0021300801,2014-02-19,DET @ CHA,L,238,98,38,90,0.422,8,18,0.444,14,20,0.7,7,24,31,20,8,5,9,20,-18.0
22013,1612709913,ERI,Erie BayHawks,2021300256,2014-02-19,ERI vs. TEX,W,240,116,45,88,0.511,16,36,0.444,10,14,0.714,8,35,43,27,9,4,16,14,2.0
22013,1612709890,AUS,Austin Toros,2021300257,2014-02-19,AUS vs. SXF,L,240,104,40,78,0.513,8,23,0.348,16,22,0.727,10,28,38,18,8,3,19,18,-12.0
22013,1610612762,UTA,Utah Jazz,0021300808,2014-02-19,UTA vs. BKN,L,240,99,37,82,0.451,9,24,0.375,16,17,0.941,13,33,46,20,2,1,18,16,-6.0
22013,1612709918,TEX,Texas Legends,2021300256,2014-02-19,TEX @ ERI,L,239,114,40,94,0.426,14,32,0.438,20,22,0.909,15,32,47,22,11,3,15,13,-2.0
22013,1610612750,MIN,Minnesota Timberwolves,0021300805,2014-02-19,MIN vs. IND,W,241,104,40,83,0.482,6,20,0.3,18,31,0.581,5,39,44,26,11,5,15,20,13.0
22013,1610612738,BOS,Boston Celtics,0021300807,2014-02-19,BOS @ PHX,L,240,94,34,87,0.391,5,17,0.294,21,28,0.75,13,33,46,18,8,6,14,24,-6.0
22013,1610612758,SAC,Sacramento Kings,0021300810,2014-02-19,SAC vs. GSW,L,239,92,33,79,0.418,6,17,0.353,20,28,0.714,15,34,49,13,4,3,21,19,-9.0
22013,1610612757,POR,Portland Trail Blazers,0021300809,2014-02-19,POR vs. SAS,L,239,109,42,93,0.452,7,22,0.318,18,25,0.72,13,32,45,18,6,5,14,20,-2.0
22013,1610612747,LAL,Los Angeles Lakers,0021300811,2014-02-19,LAL vs. HOU,L,240,108,41,84,0.488,14,27,0.519,12,15,0.8,3,29,32,29,10,5,19,19,-26.0
22013,1610612764,WAS,Washington Wizards,0021300804,2014-02-19,WAS @ ATL,W,241,114,46,89,0.517,13,24,0.542,9,11,0.818,9,32,41,30,6,5,10,23,17.0
22013,1610612752,NYK,New York Knicks,0021300806,2014-02-19,NYK @ NOP,W,240,98,37,83,0.446,10,21,0.476,14,20,0.7,13,25,38,20,8,6,9,17,7.0
22013,1610612759,SAS,San Antonio Spurs,0021300809,2014-02-19,SAS @ POR,W,239,111,43,88,0.489,9,24,0.375,16,21,0.762,9,31,40,16,9,5,14,20,2.0
22013,1610612745,HOU,Houston Rockets,0021300811,2014-02-19,HOU @ LAL,W,240,134,52,104,0.5,18,35,0.514,12,25,0.48,19,37,56,28,15,6,14,15,26.0
22013,1610612737,ATL,Atlanta Hawks,0021300804,2014-02-19,ATL vs. WAS,L,240,97,33,73,0.452,6,16,0.375,25,30,0.833,5,33,38,20,5,1,16,11,-17.0
22013,1610612766,CHA,Charlotte Bobcats,0021300801,2014-02-19,CHA vs. DET,W,239,116,42,82,0.512,8,20,0.4,24,31,0.774,8,41,49,32,5,11,15,18,18.0
22013,1610612751,BKN,Brooklyn Nets,0021300808,2014-02-19,BKN @ UTA,W,241,105,41,82,0.5,9,23,0.391,14,20,0.7,5,28,33,25,9,4,6,16,6.0
22013,1612709903,IDA,Idaho Stampede,2021300258,2014-02-19,IDA vs. MNE,W,241,122,50,97,0.515,6,19,0.316,16,21,0.762,12,36,48,25,9,5,10,15,23.0
22013,1610612740,NOP,New Orleans Pelicans,0021300806,2014-02-19,NOP vs. NYK,L,240,91,35,75,0.467,7,21,0.333,14,21,0.667,10,32,42,16,6,9,13,20,-7.0
22013,1612709904,SXF,Sioux Falls Skyforce,2021300257,2014-02-19,SXF @ AUS,W,241,116,42,81,0.519,8,25,0.32,24,29,0.828,10,30,40,25,14,8,14,19,12.0
22013,1610612754,IND,Indiana Pacers,0021300805,2014-02-19,IND @ MIN,L,242,91,35,87,0.402,6,22,0.273,15,20,0.75,9,40,49,17,10,3,21,27,-13.0
22013,1610612756,PHX,Phoenix Suns,0021300807,2014-02-19,PHX vs. BOS,W,240,100,36,82,0.439,11,28,0.393,17,26,0.654,10,36,46,23,5,6,18,23,6.0
22013,1610612761,TOR,Toronto Raptors,0021300803,2014-02-19,TOR vs. CHI,L,239,92,35,83,0.422,3,17,0.176,19,23,0.826,12,21,33,16,7,4,10,24,-2.0
22013,1610612739,CLE,Cleveland Cavaliers,0021300802,2014-02-19,CLE vs. ORL,W,240,101,33,80,0.413,5,20,0.25,30,37,0.811,10,41,51,22,6,5,11,20,8.0
22013,1610612753,ORL,Orlando Magic,0021300802,2014-02-19,ORL @ CLE,L,239,93,35,89,0.393,6,22,0.273,17,24,0.708,10,35,45,21,7,2,6,25,-8.0
22013,1610612744,GSW,Golden State Warriors,0021300810,2014-02-19,GSW @ SAC,W,239,101,39,86,0.453,3,19,0.158,20,24,0.833,6,29,35,26,14,3,7,23,9.0
22013,1612709915,MNE,Maine Red Claws,2021300258,2014-02-19,MNE @ IDA,L,238,99,38,89,0.427,11,34,0.324,12,18,0.667,13,35,48,22,8,2,18,22,-23.0
22013,1610612741,CHI,Chicago Bulls,0021300803,2014-02-19,CHI @ TOR,W,240,94,36,72,0.5,7,12,0.583,15,20,0.75,8,30,38,25,4,8,16,24,2.0
22013,1610612742,DAL,Dallas Mavericks,0021300798,2014-02-18,DAL vs. MIA,L,240,106,34,85,0.4,9,27,0.333,29,32,0.906,21,29,50,20,6,1,16,16,-11.0
22013,1610612752,NYK,New York Knicks,0021300796,2014-02-18,NYK @ MEM,L,239,93,35,85,0.412,6,27,0.222,17,20,0.85,14,25,39,15,8,5,12,23,-5.0
22013,1610612766,CHA,Charlotte Bobcats,0021300795,2014-02-18,CHA @ DET,W,240,108,39,75,0.52,7,17,0.412,23,37,0.622,5,38,43,25,4,2,7,18,12.0
22013,1610612756,PHX,Phoenix Suns,0021300799,2014-02-18,PHX @ DEN,W,266,112,35,93,0.376,11,29,0.379,31,39,0.795,15,41,56,21,11,4,15,31,5.0
22013,1610612749,MIL,Milwaukee Bucks,0021300797,2014-02-18,MIL vs. ORL,W,240,104,35,82,0.427,12,26,0.462,22,30,0.733,12,31,43,25,8,4,10,15,4.0
22013,1610612748,MIA,Miami Heat,0021300798,2014-02-18,MIA @ DAL,W,241,117,44,77,0.571,10,26,0.385,19,24,0.792,7,21,28,29,11,5,12,23,11.0
22013,1610612754,IND,Indiana Pacers,0021300792,2014-02-18,IND vs. ATL,W,240,108,39,79,0.494,9,23,0.391,21,26,0.808,6,30,36,23,11,7,13,17,10.0
22013,1612709904,SXF,Sioux Falls Skyforce,2021300255,2014-02-18,SXF @ TUL,L,241,87,30,83,0.361,7,23,0.304,20,26,0.769,11,31,42,17,9,3,23,19,-24.0
22013,1612709889,TUL,Tulsa 66ers,2021300255,2014-02-18,TUL vs. SXF,W,240,111,44,92,0.478,10,26,0.385,13,23,0.565,16,41,57,24,15,3,20,26,24.0
22013,1610612737,ATL,Atlanta Hawks,0021300792,2014-02-18,ATL @ IND,L,240,98,37,77,0.481,12,26,0.462,12,19,0.632,12,32,44,26,9,3,22,22,-10.0
22013,1610612746,LAC,Los Angeles Clippers,0021300800,2014-02-18,LAC vs. SAS,L,239,103,35,81,0.432,6,21,0.286,27,38,0.711,9,29,38,19,11,6,12,20,-10.0
22013,1610612743,DEN,Denver Nuggets,0021300799,2014-02-18,DEN vs. PHX,L,266,107,38,99,0.384,5,28,0.179,26,37,0.703,17,39,56,17,10,6,12,26,-5.0
22013,1610612753,ORL,Orlando Magic,0021300797,2014-02-18,ORL @ MIL,L,240,100,40,80,0.5,11,25,0.44,9,16,0.563,7,30,37,26,8,8,14,24,-4.0
22013,1610612765,DET,Detroit Pistons,0021300795,2014-02-18,DET vs. CHA,L,240,96,39,98,0.398,5,16,0.313,13,23,0.565,16,36,52,20,6,3,7,24,-12.0
22013,1610612759,SAS,San Antonio Spurs,0021300800,2014-02-18,SAS @ LAC,W,242,113,44,88,0.5,9,20,0.45,16,21,0.762,12,36,48,26,5,4,17,28,10.0
22013,1612709893,CTN,Canton Charge,2021300254,2014-02-18,CTN vs. RGV,L,240,119,41,94,0.436,6,17,0.353,31,44,0.705,9,36,45,24,11,1,14,29,-5.0
22013,1610612763,MEM,Memphis Grizzlies,0021300796,2014-02-18,MEM vs. NYK,W,239,98,37,75,0.493,6,12,0.5,18,24,0.75,10,28,38,20,5,7,13,22,5.0
22013,1612709908,RGV,Rio Grande Valley Vipers,2021300254,2014-02-18,RGV @ CTN,W,240,124,43,89,0.483,13,41,0.317,25,38,0.658,9,42,51,17,8,7,21,34,5.0
22013,1610612755,PHI,Philadelphia 76ers,0021300793,2014-02-18,PHI vs. CLE,L,239,85,31,87,0.356,5,22,0.227,18,27,0.667,18,26,44,17,6,2,17,24,-29.0
22013,1610612739,CLE,Cleveland Cavaliers,0021300793,2014-02-18,CLE @ PHI,W,240,114,40,87,0.46,6,18,0.333,28,33,0.848,21,40,61,28,7,2,20,21,29.0
22013,1610612761,TOR,Toronto Raptors,0021300794,2014-02-18,TOR @ WAS,W,240,103,42,74,0.568,7,16,0.438,12,15,0.8,2,27,29,25,9,5,15,25,10.0
22013,1610612764,WAS,Washington Wizards,0021300794,2014-02-18,WAS vs. TOR,L,240,93,38,81,0.469,4,15,0.267,13,21,0.619,16,24,40,21,8,3,16,19,-10.0
22013,1612709917,SPG,Springfield Armor,2021300253,2014-02-17,SPG vs. FWN,L,241,108,37,81,0.457,10,22,0.455,24,30,0.8,9,34,43,19,9,2,13,21,-9.0
22013,1612709905,LAD,Los Angeles D-Fenders,2021300252,2014-02-17,LAD vs. RNO,W,241,116,44,86,0.512,17,37,0.459,11,27,0.407,8,28,36,30,9,4,15,25,4.0
22013,1612709910,FWN,Fort Wayne Mad Ants,2021300253,2014-02-17,FWN @ SPG,W,241,117,44,94,0.468,14,27,0.519,15,20,0.75,14,29,43,20,9,5,14,22,9.0
22013,1612709914,RNO,Reno Bighorns,2021300252,2014-02-17,RNO @ LAD,L,239,112,40,94,0.426,7,19,0.368,25,37,0.676,21,37,58,24,8,9,19,23,-4.0
32013,1610616833,EST,East NBA All Stars East,0031300001,2014-02-16,EST @ WST,W,235,163,70,115,0.609,14,44,0.318,9,9,1.0,9,38,47,46,12,0,14,13,8.0
32013,1610616834,WST,West NBA All Stars West,0031300001,2014-02-16,WST vs. EST,L,233,155,65,127,0.512,16,56,0.286,9,12,0.75,19,35,54,42,11,0,14,8,-8.0
32013,1612709906,FTR,DLeague Futures AllStars Futures,2031300001,2014-02-15,FTR @ PRS,L,200,142,59,103,0.573,14,32,0.438,10,13,0.769,13,28,41,40,10,2,15,10,-3.0
32013,1612709907,PRS,DLeague Prospects AllStars Prospects,2031300001,2014-02-15,PRS vs. FTR,W,200,145,58,95,0.611,16,33,0.485,13,17,0.765,8,28,36,39,8,2,18,10,8.6
32013,1610616840,WST,West Celebrities West,0031300003,2014-02-14,WST vs. EST,L,240,56,22,58,0.379,2,5,0.4,10,20,0.5,15,18,33,8,12,4,11,12,-4.0
32013,1610616841,HIL,Team Hill,0031300002,2014-02-14,HIL @ WEB,W,199,142,54,93,0.581,11,26,0.423,23,28,0.821,21,31,52,24,10,3,18,9,3.0
32013,1610616839,EST,East Celebrities East,0031300003,2014-02-14,EST @ WST,W,240,60,25,60,0.417,2,10,0.2,8,14,0.571,13,23,36,14,9,3,15,15,4.0
32013,1610616842,WEB,Team Webber,0031300002,2014-02-14,WEB vs. HIL,L,200,136,58,103,0.563,12,42,0.286,8,9,0.889,11,17,28,32,14,11,10,15,-3.0
22013,1610612760,OKC,Oklahoma City Thunder,0021300791,2014-02-13,OKC @ LAL,W,240,107,39,88,0.443,8,28,0.286,21,24,0.875,9,35,44,23,14,8,14,23,4.0
22013,1610612741,CHI,Chicago Bulls,0021300790,2014-02-13,CHI vs. BKN,W,241,92,35,70,0.5,4,14,0.286,18,21,0.857,9,36,45,26,7,8,15,23,16.0
22013,1612709910,FWN,Fort Wayne Mad Ants,2021300251,2014-02-13,FWN vs. SXF,W,242,89,36,95,0.379,6,22,0.273,11,18,0.611,18,35,53,14,9,2,16,23,6.0
22013,1612709904,SXF,Sioux Falls Skyforce,2021300251,2014-02-13,SXF @ FWN,L,239,83,26,65,0.4,9,30,0.3,22,29,0.759,4,36,40,15,6,2,20,17,-6.0
22013,1610612751,BKN,Brooklyn Nets,0021300790,2014-02-13,BKN @ CHI,L,240,76,26,67,0.388,5,17,0.294,19,28,0.679,4,23,27,12,8,5,15,21,-16.0
22013,1610612747,LAL,Los Angeles Lakers,0021300791,2014-02-13,LAL vs. OKC,L,240,103,40,83,0.482,10,28,0.357,13,22,0.591,7,35,42,29,6,4,22,18,-4.0
22013,1610612755,PHI,Philadelphia 76ers,0021300787,2014-02-12,PHI @ UTA,L,239,100,37,80,0.463,8,19,0.421,18,23,0.783,7,33,40,18,9,5,16,24,-5.0
22013,1610612742,DAL,Dallas Mavericks,0021300777,2014-02-12,DAL @ IND,W,239,81,30,84,0.357,5,19,0.263,16,21,0.762,10,37,47,21,7,10,13,19,8.0
22013,1610612751,BKN,Brooklyn Nets,0021300781,2014-02-12,BKN vs. CHA,W,241,105,40,80,0.5,13,31,0.419,12,15,0.8,5,37,42,23,3,4,9,18,16.0
22013,1610612765,DET,Detroit Pistons,0021300782,2014-02-12,DET vs. CLE,L,241,89,33,83,0.398,4,23,0.174,19,27,0.704,15,38,53,21,5,5,16,24,-4.0
22013,1612709903,IDA,Idaho Stampede,2021300250,2014-02-12,IDA @ LAD,L,242,112,47,95,0.495,4,13,0.308,14,21,0.667,11,40,51,29,8,2,18,22,-2.0
22013,1612709905,LAD,Los Angeles D-Fenders,2021300250,2014-02-12,LAD vs. IDA,W,241,114,41,94,0.436,11,31,0.355,21,28,0.75,12,37,49,24,15,3,16,16,2.0
22013,1610612757,POR,Portland Trail Blazers,0021300789,2014-02-12,POR @ LAC,L,241,117,43,84,0.512,13,31,0.419,18,22,0.818,9,23,32,26,2,2,16,27,-5.0
22013,1612709890,AUS,Austin Toros,2021300249,2014-02-12,AUS @ TEX,W,239,114,44,89,0.494,7,21,0.333,19,25,0.76,15,28,43,21,9,4,10,22,3.0
22013,1610612766,CHA,Charlotte Bobcats,0021300781,2014-02-12,CHA @ BKN,L,240,89,36,87,0.414,10,27,0.37,7,15,0.467,11,32,43,17,4,4,10,15,-16.0
22013,1610612745,HOU,Houston Rockets,0021300784,2014-02-12,HOU vs. WAS,W,240,113,34,64,0.531,10,22,0.455,35,47,0.745,13,38,51,18,4,7,24,19,1.0
22013,1610612749,MIL,Milwaukee Bucks,0021300785,2014-02-12,MIL vs. NOP,L,240,98,39,80,0.488,6,16,0.375,14,19,0.737,8,26,34,28,3,3,11,16,-4.0
22013,1610612740,NOP,New Orleans Pelicans,0021300785,2014-02-12,NOP @ MIL,W,239,102,41,79,0.519,6,13,0.462,14,17,0.824,10,28,38,23,9,5,10,19,4.0
22013,1612709900,BAK,Bakersfield Jam,2021300248,2014-02-12,BAK @ FWN,L,239,103,40,83,0.482,5,18,0.278,18,24,0.75,12,31,43,15,5,6,24,18,-15.0
22013,1610612750,MIN,Minnesota Timberwolves,0021300786,2014-02-12,MIN vs. DEN,W,241,117,45,86,0.523,12,26,0.462,15,23,0.652,6,34,40,31,14,5,10,20,27.0
22013,1612709918,TEX,Texas Legends,2021300249,2014-02-12,TEX vs. AUS,L,239,111,36,78,0.462,8,22,0.364,31,35,0.886,9,29,38,25,4,2,13,22,-3.0
22013,1610612761,TOR,Toronto Raptors,0021300779,2014-02-12,TOR vs. ATL,W,240,104,38,94,0.404,11,33,0.333,17,22,0.773,15,32,47,22,8,3,7,19,21.0
22013,1610612754,IND,Indiana Pacers,0021300777,2014-02-12,IND vs. DAL,L,239,73,27,84,0.321,7,24,0.292,12,14,0.857,10,37,47,18,5,6,16,22,-8.0
22013,1610612753,ORL,Orlando Magic,0021300778,2014-02-12,ORL vs. MEM,L,241,81,34,83,0.41,4,13,0.308,9,10,0.9,15,27,42,18,3,9,13,13,-5.0
22013,1610612744,GSW,Golden State Warriors,0021300788,2014-02-12,GSW vs. MIA,L,239,110,40,83,0.482,9,16,0.563,21,26,0.808,11,32,43,22,10,4,13,18,-1.0
22013,1610612759,SAS,San Antonio Spurs,0021300780,2014-02-12,SAS @ BOS,W,242,104,41,82,0.5,9,19,0.474,13,14,0.929,6,34,40,24,9,2,9,19,12.0
22013,1610612746,LAC,Los Angeles Clippers,0021300789,2014-02-12,LAC vs. POR,W,241,122,46,79,0.582,4,10,0.4,26,31,0.839,5,28,33,24,13,2,8,20,5.0
22013,1610612748,MIA,Miami Heat,0021300788,2014-02-12,MIA @ GSW,W,239,111,42,78,0.538,10,22,0.455,17,25,0.68,4,31,35,25,11,5,12,20,1.0
22013,1610612764,WAS,Washington Wizards,0021300784,2014-02-12,WAS @ HOU,L,240,112,44,97,0.454,16,32,0.5,8,16,0.5,12,23,35,28,14,3,9,32,-1.0
22013,1612709910,FWN,Fort Wayne Mad Ants,2021300248,2014-02-12,FWN vs. BAK,W,240,118,45,89,0.506,16,28,0.571,12,13,0.923,8,30,38,23,12,2,17,25,15.0
22013,1610612763,MEM,Memphis Grizzlies,0021300778,2014-02-12,MEM @ ORL,W,240,86,36,77,0.468,2,12,0.167,12,18,0.667,8,28,36,17,7,7,8,14,5.0
22013,1610612739,CLE,Cleveland Cavaliers,0021300782,2014-02-12,CLE @ DET,W,242,93,34,84,0.405,5,15,0.333,20,30,0.667,13,32,45,17,9,2,10,21,4.0
22013,1610612758,SAC,Sacramento Kings,0021300783,2014-02-12,SAC @ NYK,W,266,106,40,85,0.471,10,23,0.435,16,19,0.842,11,31,42,16,7,1,15,18,5.0
22013,1610612752,NYK,New York Knicks,0021300783,2014-02-12,NYK vs. SAC,L,265,101,41,90,0.456,9,24,0.375,10,14,0.714,13,32,45,27,7,3,18,21,-5.0
22013,1610612762,UTA,Utah Jazz,0021300787,2014-02-12,UTA vs. PHI,W,241,105,37,87,0.425,3,16,0.188,28,32,0.875,11,34,45,15,10,7,12,19,5.0
22013,1610612737,ATL,Atlanta Hawks,0021300779,2014-02-12,ATL @ TOR,L,240,83,30,78,0.385,4,20,0.2,19,23,0.826,8,37,45,24,5,0,15,21,-21.0
22013,1610612738,BOS,Boston Celtics,0021300780,2014-02-12,BOS vs. SAS,L,242,92,37,80,0.463,6,17,0.353,12,17,0.706,9,29,38,24,5,2,14,15,-12.0
22013,1610612743,DEN,Denver Nuggets,0021300786,2014-02-12,DEN @ MIN,L,240,90,33,84,0.393,9,24,0.375,15,20,0.75,13,32,45,19,7,7,21,25,-27.0
22013,1612709917,SPG,Springfield Armor,2021300242,2014-02-11,SPG vs. MNE,L,240,111,42,79,0.532,12,22,0.545,15,17,0.882,8,28,36,21,9,4,17,18,-2.0
22013,1610612747,LAL,Los Angeles Lakers,0021300776,2014-02-11,LAL vs. UTA,L,239,79,33,85,0.388,4,16,0.25,9,13,0.692,10,30,40,21,6,7,11,15,-17.0
22013,1610612741,CHI,Chicago Bulls,0021300772,2014-02-11,CHI vs. ATL,W,241,100,43,85,0.506,8,20,0.4,6,13,0.462,17,40,57,30,6,5,14,9,15.0
22013,1610612766,CHA,Charlotte Bobcats,0021300770,2014-02-11,CHA vs. DAL,W,239,114,45,82,0.549,12,24,0.5,12,15,0.8,6,32,38,42,3,7,8,15,25.0
22013,1610612758,SAC,Sacramento Kings,0021300771,2014-02-11,SAC @ CLE,L,239,99,34,74,0.459,8,26,0.308,23,33,0.697,9,27,36,18,4,6,14,18,-10.0
22013,1612709904,SXF,Sioux Falls Skyforce,2021300245,2014-02-11,SXF vs. CTN,W,240,105,37,75,0.493,8,24,0.333,23,28,0.821,6,32,38,18,5,4,13,21,9.0
22013,1612709913,ERI,Erie BayHawks,2021300243,2014-02-11,ERI @ DEL,W,241,116,45,80,0.563,8,25,0.32,18,27,0.667,8,39,47,25,12,4,20,22,7.0
22013,1612709909,DEL,Delaware 87ers,2021300243,2014-02-11,DEL vs. ERI,L,240,111,42,91,0.462,12,34,0.353,15,24,0.625,11,29,40,22,12,5,13,18,-5.0
22013,1612709889,TUL,Tulsa 66ers,2021300244,2014-02-11,TUL @ IWA,L,240,104,38,99,0.384,6,27,0.222,22,24,0.917,18,33,51,18,12,4,13,30,-20.0
22013,1610612763,MEM,Memphis Grizzlies,0021300773,2014-02-11,MEM vs. WAS,W,241,92,33,70,0.471,3,13,0.231,23,27,0.852,9,31,40,16,11,4,17,19,3.0
22013,1612709903,IDA,Idaho Stampede,2021300247,2014-02-11,IDA @ SCW,L,240,98,36,90,0.4,13,36,0.361,13,17,0.765,17,33,50,24,9,6,21,19,-2.0
22013,1610612760,OKC,Oklahoma City Thunder,0021300775,2014-02-11,OKC @ POR,W,242,98,40,83,0.482,7,14,0.5,11,12,0.917,10,34,44,14,8,3,16,22,3.0
22013,1612709902,SCW,Santa Cruz Warriors,2021300247,2014-02-11,SCW vs. IDA,W,240,100,38,77,0.494,8,23,0.348,16,19,0.842,5,31,36,24,13,5,18,17,2.0
22013,1612709915,MNE,Maine Red Claws,2021300242,2014-02-11,MNE @ SPG,W,239,113,43,85,0.506,9,23,0.391,18,21,0.857,10,25,35,17,5,4,16,17,2.0
22013,1612709918,TEX,Texas Legends,2021300246,2014-02-11,TEX vs. AUS,L,239,89,32,83,0.386,10,28,0.357,15,20,0.75,11,29,40,21,7,2,18,20,-14.0
22013,1610612737,ATL,Atlanta Hawks,0021300772,2014-02-11,ATL @ CHI,L,239,85,35,80,0.438,10,23,0.435,5,9,0.556,5,23,28,21,9,6,10,16,-15.0
22013,1612709911,IWA,Iowa Energy,2021300244,2014-02-11,IWA vs. TUL,W,239,124,39,83,0.47,11,26,0.423,35,44,0.795,11,39,50,27,4,7,15,18,20.0
22013,1610612739,CLE,Cleveland Cavaliers,0021300771,2014-02-11,CLE vs. SAC,W,240,109,41,86,0.477,12,21,0.571,15,23,0.652,15,30,45,30,8,1,12,27,10.0
22013,1610612742,DAL,Dallas Mavericks,0021300770,2014-02-11,DAL @ CHA,L,240,89,37,82,0.451,5,14,0.357,10,12,0.833,7,26,33,20,5,4,8,15,-25.0
22013,1610612764,WAS,Washington Wizards,0021300773,2014-02-11,WAS @ MEM,L,242,89,34,74,0.459,7,24,0.292,14,20,0.7,5,28,33,14,8,7,13,20,-3.0
22013,1610612757,POR,Portland Trail Blazers,0021300775,2014-02-11,POR vs. OKC,L,240,95,32,85,0.376,7,23,0.304,24,27,0.889,13,29,42,17,8,3,17,14,-3.0
22013,1612709890,AUS,Austin Toros,2021300246,2014-02-11,AUS @ TEX,W,240,103,38,82,0.463,6,21,0.286,21,22,0.955,13,36,49,19,13,9,19,17,14.0
22013,1612709893,CTN,Canton Charge,2021300245,2014-02-11,CTN @ SXF,L,239,96,33,77,0.429,8,18,0.444,22,29,0.759,8,28,36,21,7,1,14,27,-9.0
22013,1610612762,UTA,Utah Jazz,0021300776,2014-02-11,UTA @ LAL,W,240,96,37,85,0.435,6,17,0.353,16,25,0.64,15,40,55,23,10,6,11,14,17.0
22013,1610612756,PHX,Phoenix Suns,0021300774,2014-02-11,PHX vs. MIA,L,240,97,35,76,0.461,12,28,0.429,15,17,0.882,6,30,36,20,6,6,16,23,-6.0
22013,1610612748,MIA,Miami Heat,0021300774,2014-02-11,MIA @ PHX,W,241,103,36,76,0.474,9,27,0.333,22,30,0.733,9,32,41,14,12,1,12,17,6.0
22013,1610612754,IND,Indiana Pacers,0021300764,2014-02-10,IND vs. DEN,W,240,119,46,80,0.575,4,16,0.25,23,26,0.885,13,43,56,21,6,8,14,18,39.0
22013,1612709905,LAD,Los Angeles D-Fenders,2021300241,2014-02-10,LAD vs. SCW,L,241,106,41,96,0.427,10,33,0.303,14,17,0.824,5,30,35,23,10,7,9,14,-15.0
22013,1610612743,DEN,Denver Nuggets,0021300764,2014-02-10,DEN @ IND,L,240,80,28,89,0.315,6,26,0.231,18,26,0.692,16,21,37,17,3,1,11,23,-39.0
22013,1610612749,MIL,Milwaukee Bucks,0021300767,2014-02-10,MIL vs. BOS,L,240,86,31,72,0.431,6,16,0.375,18,25,0.72,8,28,36,17,5,4,19,19,-16.0
22013,1610612750,MIN,Minnesota Timberwolves,0021300768,2014-02-10,MIN vs. HOU,L,240,89,31,87,0.356,6,25,0.24,21,21,1.0,16,27,43,20,8,3,16,20,-18.0
22013,1612709909,DEL,Delaware 87ers,2021300240,2014-02-10,DEL vs. MNE,W,240,100,41,92,0.446,6,29,0.207,12,19,0.632,18,32,50,16,11,13,19,21,2.0
22013,1610612745,HOU,Houston Rockets,0021300768,2014-02-10,HOU @ MIN,W,238,107,39,82,0.476,11,27,0.407,18,20,0.9,10,36,46,25,10,4,17,23,18.0
22013,1610612765,DET,Detroit Pistons,0021300766,2014-02-10,DET vs. SAS,W,240,109,43,90,0.478,5,16,0.313,18,26,0.692,18,24,42,16,13,4,11,19,9.0
22013,1610612740,NOP,New Orleans Pelicans,0021300765,2014-02-10,NOP @ TOR,L,239,101,39,77,0.506,6,12,0.5,17,26,0.654,9,27,36,21,8,4,14,26,-7.0
22013,1610612759,SAS,San Antonio Spurs,0021300766,2014-02-10,SAS @ DET,L,241,100,43,82,0.524,5,17,0.294,9,11,0.818,8,30,38,27,2,3,19,18,-9.0
22013,1612709915,MNE,Maine Red Claws,2021300240,2014-02-10,MNE @ DEL,L,240,98,33,92,0.359,8,27,0.296,24,31,0.774,20,31,51,15,14,6,18,16,-2.0
22013,1612709902,SCW,Santa Cruz Warriors,2021300241,2014-02-10,SCW @ LAD,W,241,121,48,95,0.505,12,25,0.48,13,13,1.0,10,48,58,33,4,4,18,15,15.0
22013,1612709900,BAK,Bakersfield Jam,2021300239,2014-02-10,BAK @ SPG,L,241,109,31,70,0.443,10,27,0.37,37,44,0.841,8,30,38,17,9,8,16,25,-7.0
22013,1610612744,GSW,Golden State Warriors,0021300769,2014-02-10,GSW vs. PHI,W,238,123,43,88,0.489,12,29,0.414,25,30,0.833,13,47,60,24,9,11,18,20,43.0
22013,1612709917,SPG,Springfield Armor,2021300239,2014-02-10,SPG vs. BAK,W,240,116,40,94,0.426,7,20,0.35,29,35,0.829,18,30,48,15,10,1,13,22,7.0
22013,1610612738,BOS,Boston Celtics,0021300767,2014-02-10,BOS @ MIL,W,240,102,42,88,0.477,7,20,0.35,11,14,0.786,14,29,43,25,8,6,15,22,16.0
22013,1610612755,PHI,Philadelphia 76ers,0021300769,2014-02-10,PHI @ GSW,L,241,80,33,90,0.367,2,17,0.118,12,17,0.706,7,31,38,15,10,2,17,21,-43.0
22013,1610612761,TOR,Toronto Raptors,0021300765,2014-02-10,TOR vs. NOP,W,241,108,36,76,0.474,10,24,0.417,26,33,0.788,9,27,36,22,6,3,11,20,7.0
22013,1610612746,LAC,Los Angeles Clippers,0021300763,2014-02-09,LAC vs. PHI,W,239,123,50,89,0.562,9,28,0.321,14,17,0.824,11,48,59,33,12,9,22,20,45.0
22013,1610612763,MEM,Memphis Grizzlies,0021300760,2014-02-09,MEM @ CLE,L,265,83,33,86,0.384,3,14,0.214,14,16,0.875,9,37,46,22,8,6,14,21,-8.0
22013,1612709893,CTN,Canton Charge,2021300236,2014-02-09,CTN vs. FWN,W,241,96,36,81,0.444,10,25,0.4,14,18,0.778,10,38,48,22,6,4,15,18,14.0
22013,1610612764,WAS,Washington Wizards,0021300762,2014-02-09,WAS vs. SAC,W,240,93,34,79,0.43,8,21,0.381,17,22,0.773,10,28,38,20,9,8,14,18,9.0
22013,1610612758,SAC,Sacramento Kings,0021300762,2014-02-09,SAC @ WAS,L,240,84,29,82,0.354,2,11,0.182,24,28,0.857,17,32,49,17,9,3,18,19,-9.0
22013,1612709914,RNO,Reno Bighorns,2021300237,2014-02-09,RNO vs. IDA,L,240,92,34,77,0.442,4,12,0.333,20,30,0.667,10,29,39,15,7,2,16,24,-11.0
22013,1610612740,NOP,New Orleans Pelicans,0021300759,2014-02-09,NOP @ BKN,L,239,81,30,83,0.361,6,18,0.333,15,27,0.556,16,26,42,20,15,2,14,25,-12.0
22013,1610612753,ORL,Orlando Magic,0021300761,2014-02-09,ORL vs. IND,W,239,93,34,83,0.41,5,12,0.417,20,26,0.769,11,37,48,13,9,1,13,16,1.0
22013,1610612741,CHI,Chicago Bulls,0021300757,2014-02-09,CHI @ LAL,W,239,92,34,80,0.425,7,22,0.318,17,17,1.0,8,35,43,21,13,6,14,16,6.0
22013,1610612747,LAL,Los Angeles Lakers,0021300757,2014-02-09,LAL vs. CHI,L,240,86,36,82,0.439,6,19,0.316,8,11,0.727,7,36,43,26,7,5,18,15,-6.0
22013,1610612754,IND,Indiana Pacers,0021300761,2014-02-09,IND @ ORL,L,239,92,35,79,0.443,11,24,0.458,11,19,0.579,7,34,41,19,6,6,15,20,-1.0
22013,1610612742,DAL,Dallas Mavericks,0021300758,2014-02-09,DAL @ BOS,W,241,102,37,82,0.451,10,23,0.435,18,20,0.9,10,38,48,21,6,4,9,12,11.0
22013,1612709904,SXF,Sioux Falls Skyforce,2021300238,2014-02-09,SXF vs. ERI,W,241,107,38,84,0.452,11,31,0.355,20,24,0.833,13,27,40,20,8,4,10,10,10.0
22013,1610612751,BKN,Brooklyn Nets,0021300759,2014-02-09,BKN vs. NOP,W,239,93,35,66,0.53,6,28,0.214,17,29,0.586,7,38,45,20,10,6,22,24,12.0
22013,1610612752,NYK,New York Knicks,0021300756,2014-02-09,NYK @ OKC,L,239,100,38,86,0.442,9,24,0.375,15,20,0.75,12,26,38,27,6,3,12,21,-12.0
22013,1610612739,CLE,Cleveland Cavaliers,0021300760,2014-02-09,CLE vs. MEM,W,264,91,35,88,0.398,10,20,0.5,11,18,0.611,10,38,48,24,6,5,13,20,8.0
22013,1610612738,BOS,Boston Celtics,0021300758,2014-02-09,BOS vs. DAL,L,240,91,33,92,0.359,11,27,0.407,14,15,0.933,11,32,43,27,5,3,10,19,-11.0
22013,1610612760,OKC,Oklahoma City Thunder,0021300756,2014-02-09,OKC vs. NYK,W,241,112,40,73,0.548,12,27,0.444,20,27,0.741,5,36,41,28,6,5,10,19,12.0
22013,1612709913,ERI,Erie BayHawks,2021300238,2014-02-09,ERI @ SXF,L,241,97,41,80,0.513,5,19,0.263,10,12,0.833,11,30,41,20,8,2,18,25,-10.0
22013,1612709910,FWN,Fort Wayne Mad Ants,2021300236,2014-02-09,FWN @ CTN,L,239,82,30,90,0.333,7,28,0.25,15,26,0.577,19,33,52,15,9,4,13,18,-14.0
22013,1612709903,IDA,Idaho Stampede,2021300237,2014-02-09,IDA @ RNO,W,241,103,39,86,0.453,7,22,0.318,18,23,0.783,13,34,47,22,8,4,17,26,11.2
22013,1610612755,PHI,Philadelphia 76ers,0021300763,2014-02-09,PHI @ LAC,L,240,78,27,100,0.27,3,28,0.107,21,25,0.84,20,24,44,16,15,4,17,16,-45.0
22013,1612709902,SCW,Santa Cruz Warriors,2021300235,2014-02-08,SCW vs. LAD,L,240,107,41,96,0.427,5,27,0.185,20,24,0.833,18,31,49,20,6,12,16,19,-14.0
22013,1610612757,POR,Portland Trail Blazers,0021300752,2014-02-08,POR @ MIN,W,240,117,40,83,0.482,8,23,0.348,29,38,0.763,10,37,47,28,7,7,13,30,7.0
22013,1612709918,TEX,Texas Legends,2021300234,2014-02-08,TEX @ BAK,L,240,105,38,86,0.442,13,36,0.361,16,21,0.762,8,26,34,24,11,2,16,23,-12.0
22013,1610612745,HOU,Houston Rockets,0021300753,2014-02-08,HOU @ MIL,W,241,101,42,85,0.494,8,24,0.333,9,13,0.692,6,32,38,23,11,5,13,15,6.0
22013,1612709904,SXF,Sioux Falls Skyforce,2021300230,2014-02-08,SXF @ FWN,L,240,81,29,89,0.326,6,32,0.188,17,21,0.81,11,36,47,12,11,5,21,22,-12.0
22013,1612709913,ERI,Erie BayHawks,2021300231,2014-02-08,ERI @ IWA,L,240,108,42,91,0.462,9,21,0.429,15,21,0.714,13,33,46,21,10,4,17,20,-10.2
22013,1610612759,SAS,San Antonio Spurs,0021300749,2014-02-08,SAS @ CHA,W,239,104,36,77,0.468,8,21,0.381,24,28,0.857,7,36,43,24,7,6,13,16,4.0
22013,1610612748,MIA,Miami Heat,0021300755,2014-02-08,MIA @ UTA,L,240,89,29,67,0.433,7,23,0.304,24,30,0.8,5,27,32,19,8,2,10,17,-5.0
22013,1612709908,RGV,Rio Grande Valley Vipers,2021300233,2014-02-08,RGV vs. AUS,W,240,119,38,88,0.432,10,34,0.294,33,38,0.868,15,48,63,19,6,6,19,24,14.0
22013,1610612744,GSW,Golden State Warriors,0021300754,2014-02-08,GSW @ PHX,L,239,109,41,84,0.488,8,25,0.32,19,26,0.731,12,22,34,16,5,4,12,21,-13.0
22013,1612709890,AUS,Austin Toros,2021300233,2014-02-08,AUS @ RGV,L,239,105,37,92,0.402,6,20,0.3,25,36,0.694,10,33,43,20,7,5,8,24,-14.0
22013,1612709905,LAD,Los Angeles D-Fenders,2021300235,2014-02-08,LAD @ SCW,W,241,121,48,106,0.453,10,23,0.435,15,20,0.75,22,33,55,18,6,4,7,19,14.0
22013,1610612749,MIL,Milwaukee Bucks,0021300753,2014-02-08,MIL vs. HOU,L,239,95,40,90,0.444,6,15,0.4,9,11,0.818,14,33,47,26,6,6,18,18,-6.0
22013,1610612750,MIN,Minnesota Timberwolves,0021300752,2014-02-08,MIN vs. POR,L,239,110,40,97,0.412,5,17,0.294,25,34,0.735,17,33,50,17,6,5,12,25,-7.0
22013,1610612763,MEM,Memphis Grizzlies,0021300750,2014-02-08,MEM @ ATL,W,241,79,37,90,0.411,4,12,0.333,1,1,1.0,11,30,41,22,14,5,15,12,3.0
22013,1610612762,UTA,Utah Jazz,0021300755,2014-02-08,UTA vs. MIA,W,240,94,36,74,0.486,10,25,0.4,12,19,0.632,10,31,41,23,9,1,12,25,5.0
22013,1610612737,ATL,Atlanta Hawks,0021300750,2014-02-08,ATL vs. MEM,L,240,76,30,70,0.429,8,20,0.4,8,15,0.533,7,35,42,21,10,3,21,10,-3.0
22013,1610612756,PHX,Phoenix Suns,0021300754,2014-02-08,PHX vs. GSW,W,240,122,43,80,0.538,11,21,0.524,25,30,0.833,12,33,45,16,9,2,17,22,13.0
22013,1612709889,TUL,Tulsa 66ers,2021300232,2014-02-08,TUL vs. DEL,W,240,102,39,101,0.386,6,30,0.2,18,26,0.692,19,30,49,25,11,4,8,21,7.0
22013,1610612766,CHA,Charlotte Bobcats,0021300749,2014-02-08,CHA vs. SAS,L,240,100,39,89,0.438,6,16,0.375,16,22,0.727,13,34,47,24,10,6,11,18,-4.0
22013,1612709911,IWA,Iowa Energy,2021300231,2014-02-08,IWA vs. ERI,W,240,119,46,85,0.541,8,21,0.381,19,25,0.76,6,30,36,24,9,8,13,14,11.0
22013,1612709909,DEL,Delaware 87ers,2021300232,2014-02-08,DEL @ TUL,L,240,95,35,82,0.427,6,24,0.25,19,30,0.633,12,39,51,13,3,4,18,20,-7.0
22013,1610612743,DEN,Denver Nuggets,0021300751,2014-02-08,DEN @ DET,L,241,109,41,88,0.466,15,33,0.455,12,22,0.545,15,32,47,24,4,5,20,17,-17.0
22013,1610612765,DET,Detroit Pistons,0021300751,2014-02-08,DET vs. DEN,W,240,126,50,98,0.51,8,20,0.4,18,23,0.783,13,27,40,28,11,5,10,16,17.0
22013,1612709893,CTN,Canton Charge,2021300229,2014-02-08,CTN @ SPG,W,241,110,39,80,0.488,5,14,0.357,27,35,0.771,9,26,35,20,9,7,13,27,7.2
22013,1612709917,SPG,Springfield Armor,2021300229,2014-02-08,SPG vs. CTN,L,241,103,33,75,0.44,5,17,0.294,32,44,0.727,10,29,39,12,6,2,20,31,-7.0
22013,1612709910,FWN,Fort Wayne Mad Ants,2021300230,2014-02-08,FWN vs. SXF,W,240,93,35,86,0.407,3,21,0.143,20,25,0.8,14,40,54,10,11,12,19,24,12.0
22013,1612709900,BAK,Bakersfield Jam,2021300234,2014-02-08,BAK vs. TEX,W,238,117,39,81,0.481,11,24,0.458,28,32,0.875,18,37,55,22,13,5,21,19,12.0
22013,1612709889,TUL,Tulsa 66ers,2021300225,2014-02-07,TUL vs. DEL,W,239,106,42,91,0.462,6,20,0.3,16,24,0.667,15,26,41,20,12,3,19,30,2.0
22013,1610612746,LAC,Los Angeles Clippers,0021300748,2014-02-07,LAC vs. TOR,W,240,118,36,71,0.507,9,24,0.375,37,54,0.685,10,35,45,25,6,4,12,28,13.0
22013,1612709918,TEX,Texas Legends,2021300228,2014-02-07,TEX @ BAK,L,240,109,36,89,0.404,9,28,0.321,28,39,0.718,11,28,39,23,17,4,15,22,-3.0
22013,1610612761,TOR,Toronto Raptors,0021300748,2014-02-07,TOR @ LAC,L,240,105,34,85,0.4,7,26,0.269,30,40,0.75,16,28,44,22,7,2,9,35,-13.0
22013,1610612740,NOP,New Orleans Pelicans,0021300747,2014-02-07,NOP vs. MIN,W,239,98,39,81,0.481,8,15,0.533,12,16,0.75,7,31,38,20,8,9,12,28,7.0
22013,1610612738,BOS,Boston Celtics,0021300743,2014-02-07,BOS vs. SAC,W,239,99,40,88,0.455,9,22,0.409,10,15,0.667,15,37,52,24,8,6,13,21,10.0
22013,1610612739,CLE,Cleveland Cavaliers,0021300742,2014-02-07,CLE @ WAS,W,241,115,40,77,0.519,6,15,0.4,29,33,0.879,14,31,45,20,7,2,18,23,2.0
22013,1612709909,DEL,Delaware 87ers,2021300225,2014-02-07,DEL @ TUL,L,240,104,37,72,0.514,10,23,0.435,20,36,0.556,9,35,44,21,8,6,27,24,-2.0
22013,1610612750,MIN,Minnesota Timberwolves,0021300747,2014-02-07,MIN @ NOP,L,240,91,28,75,0.373,4,18,0.222,31,37,0.838,8,36,44,14,8,5,15,14,-7.0
22013,1610612753,ORL,Orlando Magic,0021300740,2014-02-07,ORL vs. OKC,W,240,103,38,80,0.475,5,12,0.417,22,26,0.846,10,26,36,25,10,2,9,13,1.0
22013,1610612765,DET,Detroit Pistons,0021300744,2014-02-07,DET vs. BKN,W,240,111,43,84,0.512,9,17,0.529,16,24,0.667,15,42,57,26,10,9,22,19,16.0
22013,1612709903,IDA,Idaho Stampede,2021300227,2014-02-07,IDA @ RNO,L,242,101,37,78,0.474,8,27,0.296,19,23,0.826,10,33,43,17,6,7,21,24,-4.6
22013,1610612760,OKC,Oklahoma City Thunder,0021300740,2014-02-07,OKC @ ORL,L,240,102,37,73,0.507,10,22,0.455,18,19,0.947,4,30,34,25,6,9,16,20,-1.0
22013,1612709900,BAK,Bakersfield Jam,2021300228,2014-02-07,BAK vs. TEX,W,240,112,43,83,0.518,10,24,0.417,16,23,0.696,12,39,51,29,8,8,28,26,3.0
22013,1612709890,AUS,Austin Toros,2021300226,2014-02-07,AUS vs. RGV,L,240,92,40,93,0.43,7,25,0.28,5,8,0.625,15,35,50,12,7,4,16,20,-17.0
22013,1612709915,MNE,Maine Red Claws,2021300224,2014-02-07,MNE vs. SPG,L,240,101,37,89,0.416,10,28,0.357,17,18,0.944,16,32,48,17,13,7,20,27,-7.0
22013,1610612743,DEN,Denver Nuggets,0021300745,2014-02-07,DEN @ NYK,L,239,90,32,76,0.421,7,26,0.269,19,26,0.731,10,24,34,12,10,0,23,21,-27.0
22013,1610612758,SAC,Sacramento Kings,0021300743,2014-02-07,SAC @ BOS,L,239,89,31,87,0.356,5,15,0.333,22,24,0.917,15,32,47,17,3,5,10,15,-10.0
22013,1610612755,PHI,Philadelphia 76ers,0021300741,2014-02-07,PHI vs. LAL,L,239,98,37,87,0.425,15,32,0.469,9,17,0.529,12,38,50,23,8,2,22,18,-14.0
22013,1612709917,SPG,Springfield Armor,2021300224,2014-02-07,SPG @ MNE,W,239,108,39,84,0.464,3,15,0.2,27,36,0.75,12,31,43,13,12,6,20,18,7.0
22013,1610612762,UTA,Utah Jazz,0021300746,2014-02-07,UTA @ DAL,L,240,81,31,76,0.408,12,35,0.343,7,14,0.5,6,31,37,22,7,4,15,20,-22.0
22013,1610612751,BKN,Brooklyn Nets,0021300744,2014-02-07,BKN @ DET,L,239,95,32,89,0.36,12,31,0.387,19,29,0.655,16,24,40,17,14,3,12,19,-16.0
22013,1610612752,NYK,New York Knicks,0021300745,2014-02-07,NYK vs. DEN,W,241,117,48,85,0.565,11,28,0.393,10,14,0.714,9,34,43,23,16,1,23,23,27.0
22013,1610612754,IND,Indiana Pacers,0021300739,2014-02-07,IND vs. POR,W,264,118,42,92,0.457,5,13,0.385,29,35,0.829,11,35,46,22,10,9,12,20,5.0
22013,1612709914,RNO,Reno Bighorns,2021300227,2014-02-07,RNO vs. IDA,W,241,108,42,92,0.457,6,18,0.333,18,29,0.621,14,26,40,19,8,1,11,19,7.0
22013,1610612742,DAL,Dallas Mavericks,0021300746,2014-02-07,DAL vs. UTA,W,242,103,38,81,0.469,10,18,0.556,17,22,0.773,11,37,48,24,10,2,9,20,22.0
22013,1610612764,WAS,Washington Wizards,0021300742,2014-02-07,WAS vs. CLE,L,240,113,43,85,0.506,11,20,0.55,16,23,0.696,11,23,34,29,11,5,13,23,-2.0
22013,1610612757,POR,Portland Trail Blazers,0021300739,2014-02-07,POR @ IND,L,265,113,45,104,0.433,7,20,0.35,16,20,0.8,13,34,47,21,3,5,13,27,-5.0
22013,1612709908,RGV,Rio Grande Valley Vipers,2021300226,2014-02-07,RGV @ AUS,W,241,109,41,90,0.456,11,34,0.324,16,22,0.727,16,36,52,17,7,3,13,16,17.0
22013,1610612747,LAL,Los Angeles Lakers,0021300741,2014-02-07,LAL @ PHI,W,239,112,45,89,0.506,8,18,0.444,14,20,0.7,7,33,40,34,14,9,14,15,14.0
22013,1610612751,BKN,Brooklyn Nets,0021300737,2014-02-06,BKN vs. SAS,W,240,103,46,93,0.495,4,13,0.308,7,10,0.7,16,37,53,29,7,4,14,24,14.0
22013,1612709915,MNE,Maine Red Claws,2021300222,2014-02-06,MNE @ CTN,W,240,113,38,73,0.521,13,30,0.433,24,36,0.667,8,39,47,25,6,10,22,28,8.0
22013,1610612741,CHI,Chicago Bulls,0021300738,2014-02-06,CHI @ GSW,L,241,87,32,77,0.416,4,14,0.286,19,20,0.95,14,31,45,20,8,3,15,16,-15.0
22013,1612709904,SXF,Sioux Falls Skyforce,2021300223,2014-02-06,SXF @ IWA,L,240,115,47,101,0.465,11,32,0.344,10,18,0.556,15,31,46,28,5,6,8,20,-8.0
22013,1612709893,CTN,Canton Charge,2021300222,2014-02-06,CTN vs. MNE,L,240,105,38,92,0.413,0,10,0.0,29,38,0.763,16,27,43,18,13,2,10,27,-8.0
22013,1610612759,SAS,San Antonio Spurs,0021300737,2014-02-06,SAS @ BKN,L,239,89,29,73,0.397,7,21,0.333,24,29,0.828,8,30,38,14,8,7,17,12,-14.0
22013,1612709911,IWA,Iowa Energy,2021300223,2014-02-06,IWA vs. SXF,W,241,123,46,83,0.554,12,26,0.462,19,23,0.826,7,35,42,31,6,3,11,15,8.0
22013,1610612744,GSW,Golden State Warriors,0021300738,2014-02-06,GSW vs. CHI,W,241,102,40,83,0.482,11,22,0.5,11,15,0.733,12,27,39,24,7,6,12,18,15.0
22013,1610612759,SAS,San Antonio Spurs,0021300727,2014-02-05,SAS @ WAS,W,289,125,48,98,0.49,9,28,0.321,20,25,0.8,11,42,53,30,8,9,20,27,7.0
22013,1610612761,TOR,Toronto Raptors,0021300735,2014-02-05,TOR @ SAC,L,240,101,36,84,0.429,10,25,0.4,19,24,0.792,16,28,44,25,7,6,17,35,-8.0
22013,1610612764,WAS,Washington Wizards,0021300727,2014-02-05,WAS vs. SAS,L,289,118,44,101,0.436,5,16,0.313,25,32,0.781,13,36,49,19,10,6,15,18,-7.0
22013,1612709900,BAK,Bakersfield Jam,2021300221,2014-02-05,BAK @ LAD,L,240,140,55,97,0.567,7,25,0.28,23,32,0.719,15,31,46,33,9,0,18,14,-15.0
22013,1612709910,FWN,Fort Wayne Mad Ants,2021300220,2014-02-05,FWN @ ERI,L,241,95,35,92,0.38,7,24,0.292,18,23,0.783,21,28,49,14,8,4,18,23,-2.0
22013,1610612765,DET,Detroit Pistons,0021300733,2014-02-05,DET @ ORL,L,240,98,39,85,0.459,6,20,0.3,14,23,0.609,11,25,36,19,8,4,15,20,-14.0
22013,1610612753,ORL,Orlando Magic,0021300733,2014-02-05,ORL vs. DET,W,240,112,44,89,0.494,6,18,0.333,18,20,0.9,12,32,44,29,10,8,11,20,14.0
22013,1610612747,LAL,Los Angeles Lakers,0021300725,2014-02-05,LAL @ CLE,W,240,119,42,79,0.532,18,37,0.486,17,22,0.773,6,34,40,35,7,3,13,25,11.0
22013,1610612750,MIN,Minnesota Timberwolves,0021300732,2014-02-05,MIN @ OKC,L,239,97,37,78,0.474,6,20,0.3,17,23,0.739,11,28,39,18,7,8,14,16,-9.0
22013,1610612756,PHX,Phoenix Suns,0021300729,2014-02-05,PHX @ HOU,L,240,108,42,90,0.467,8,30,0.267,16,21,0.762,12,26,38,21,6,4,13,27,-14.0
22013,1610612745,HOU,Houston Rockets,0021300729,2014-02-05,HOU vs. PHX,W,240,122,39,71,0.549,11,16,0.688,33,42,0.786,5,31,36,17,9,5,13,19,14.0
22013,1610612737,ATL,Atlanta Hawks,0021300731,2014-02-05,ATL @ NOP,L,239,100,38,84,0.452,14,30,0.467,10,14,0.714,7,31,38,29,7,7,9,16,-5.0
22013,1610612760,OKC,Oklahoma City Thunder,0021300732,2014-02-05,OKC vs. MIN,W,239,106,44,91,0.484,10,27,0.37,8,11,0.727,19,30,49,25,8,6,16,22,9.0
22013,1610612749,MIL,Milwaukee Bucks,0021300734,2014-02-05,MIL @ DEN,L,241,100,36,95,0.379,7,16,0.438,21,31,0.677,19,30,49,22,9,5,15,21,-10.0
22013,1610612758,SAC,Sacramento Kings,0021300735,2014-02-05,SAC vs. TOR,W,239,109,32,81,0.395,4,12,0.333,41,51,0.804,15,26,41,15,10,4,10,23,8.0
22013,1610612739,CLE,Cleveland Cavaliers,0021300725,2014-02-05,CLE vs. LAL,L,238,108,38,101,0.376,5,33,0.152,27,37,0.73,27,30,57,24,10,1,11,22,-11.0
22013,1610612763,MEM,Memphis Grizzlies,0021300730,2014-02-05,MEM vs. DAL,L,240,96,37,69,0.536,6,16,0.375,16,22,0.727,8,24,32,24,7,6,17,23,-14.0
22013,1610612742,DAL,Dallas Mavericks,0021300730,2014-02-05,DAL @ MEM,W,239,110,42,78,0.538,8,18,0.444,18,25,0.72,11,24,35,24,7,3,13,20,14.0
22013,1612709913,ERI,Erie BayHawks,2021300220,2014-02-05,ERI vs. FWN,W,240,97,40,78,0.513,3,15,0.2,14,21,0.667,8,34,42,23,8,4,16,20,2.0
22013,1610612740,NOP,New Orleans Pelicans,0021300731,2014-02-05,NOP vs. ATL,W,242,105,40,86,0.465,5,14,0.357,20,22,0.909,13,37,50,18,5,5,9,15,5.0
22013,1610612752,NYK,New York Knicks,0021300728,2014-02-05,NYK vs. POR,L,240,90,36,90,0.4,4,21,0.19,14,20,0.7,15,33,48,18,8,5,9,24,-4.0
22013,1610612748,MIA,Miami Heat,0021300736,2014-02-05,MIA @ LAC,W,239,116,41,78,0.526,13,31,0.419,21,26,0.808,7,24,31,33,11,5,15,32,4.0
22013,1610612738,BOS,Boston Celtics,0021300726,2014-02-05,BOS @ PHI,W,240,114,41,84,0.488,8,19,0.421,24,33,0.727,12,36,48,27,9,8,13,19,6.0
22013,1610612757,POR,Portland Trail Blazers,0021300728,2014-02-05,POR @ NYK,W,241,94,30,79,0.38,8,21,0.381,26,33,0.788,12,37,49,17,5,5,14,16,4.0
22013,1610612755,PHI,Philadelphia 76ers,0021300726,2014-02-05,PHI vs. BOS,L,239,108,42,94,0.447,7,21,0.333,17,20,0.85,13,34,47,27,7,5,15,24,-6.0
22013,1610612743,DEN,Denver Nuggets,0021300734,2014-02-05,DEN vs. MIL,W,240,110,39,84,0.464,10,23,0.435,22,26,0.846,15,33,48,22,5,12,19,25,10.0
22013,1610612746,LAC,Los Angeles Clippers,0021300736,2014-02-05,LAC vs. MIA,L,240,112,37,86,0.43,7,25,0.28,31,42,0.738,21,31,52,26,8,2,20,24,-4.0
22013,1612709905,LAD,Los Angeles D-Fenders,2021300221,2014-02-05,LAD vs. BAK,W,239,155,59,102,0.578,26,50,0.52,11,15,0.733,11,26,37,45,10,10,15,27,15.0
22013,1610612750,MIN,Minnesota Timberwolves,0021300722,2014-02-04,MIN vs. LAL,W,240,109,37,83,0.446,8,17,0.471,27,38,0.711,11,42,53,28,8,5,13,19,10.0
22013,1610612744,GSW,Golden State Warriors,0021300724,2014-02-04,GSW vs. CHA,L,240,75,29,93,0.312,4,20,0.2,13,16,0.813,18,32,50,18,7,4,16,18,-16.0
22013,1610612756,PHX,Phoenix Suns,0021300723,2014-02-04,PHX vs. CHI,L,241,92,31,80,0.388,8,28,0.286,22,29,0.759,11,36,47,12,8,5,21,23,-9.0
22013,1610612754,IND,Indiana Pacers,0021300721,2014-02-04,IND @ ATL,W,240,89,34,74,0.459,5,18,0.278,16,20,0.8,7,33,40,20,9,1,19,16,4.0
22013,1612709915,MNE,Maine Red Claws,2021300217,2014-02-04,MNE @ DEL,L,240,116,43,89,0.483,4,20,0.2,26,36,0.722,17,29,46,12,10,3,19,24,-12.0
22013,1612709909,DEL,Delaware 87ers,2021300217,2014-02-04,DEL vs. MNE,W,240,128,44,83,0.53,7,10,0.7,33,37,0.892,11,31,42,21,14,5,17,27,12.0
22013,1610612747,LAL,Los Angeles Lakers,0021300722,2014-02-04,LAL @ MIN,L,241,99,33,79,0.418,10,21,0.476,23,26,0.885,7,31,38,25,8,4,16,25,-10.0
22013,1612709893,CTN,Canton Charge,2021300218,2014-02-04,CTN vs. AUS,W,240,98,38,85,0.447,4,11,0.364,18,31,0.581,13,32,45,25,12,3,8,19,8.0
22013,1610612766,CHA,Charlotte Bobcats,0021300724,2014-02-04,CHA @ GSW,W,240,91,37,78,0.474,5,13,0.385,12,19,0.632,9,39,48,22,9,2,15,20,16.0
22013,1612709903,IDA,Idaho Stampede,2021300219,2014-02-04,IDA vs. TEX,W,240,136,56,96,0.583,10,27,0.37,14,18,0.778,8,30,38,36,10,2,9,16,14.0
22013,1612709911,IWA,Iowa Energy,2021300216,2014-02-04,IWA @ TUL,W,241,114,41,81,0.506,10,28,0.357,22,36,0.611,6,36,42,20,6,6,16,17,8.0
22013,1612709889,TUL,Tulsa 66ers,2021300216,2014-02-04,TUL vs. IWA,L,242,106,43,96,0.448,7,27,0.259,13,21,0.619,7,34,41,24,11,5,14,26,-8.0
22013,1612709918,TEX,Texas Legends,2021300219,2014-02-04,TEX @ IDA,L,241,122,47,92,0.511,10,25,0.4,18,22,0.818,13,34,47,27,5,3,18,18,-14.0
22013,1610612741,CHI,Chicago Bulls,0021300723,2014-02-04,CHI @ PHX,W,241,101,35,78,0.449,6,18,0.333,25,31,0.806,8,36,44,13,9,6,18,23,9.0
22013,1610612737,ATL,Atlanta Hawks,0021300721,2014-02-04,ATL vs. IND,L,242,85,33,76,0.434,7,25,0.28,12,15,0.8,7,31,38,26,8,4,18,19,-4.0
22013,1612709890,AUS,Austin Toros,2021300218,2014-02-04,AUS @ CTN,L,241,90,34,80,0.425,7,24,0.292,15,20,0.75,12,39,51,12,3,1,18,20,-8.0
22013,1610612760,OKC,Oklahoma City Thunder,0021300716,2014-02-03,OKC vs. MEM,W,239,86,34,76,0.447,4,18,0.222,14,23,0.609,10,34,44,17,7,9,16,20,9.0
22013,1610612748,MIA,Miami Heat,0021300713,2014-02-03,MIA vs. DET,W,239,102,39,85,0.459,7,20,0.35,17,21,0.81,13,31,44,24,13,6,20,22,6.0
22013,1610612764,WAS,Washington Wizards,0021300711,2014-02-03,WAS vs. POR,W,240,100,37,84,0.44,7,17,0.412,19,22,0.864,5,34,39,22,10,3,6,16,10.0
22013,1610612765,DET,Detroit Pistons,0021300713,2014-02-03,DET @ MIA,L,241,96,34,83,0.41,6,18,0.333,22,29,0.759,19,32,51,19,11,4,21,20,-6.0
22013,1610612739,CLE,Cleveland Cavaliers,0021300717,2014-02-03,CLE @ DAL,L,241,107,37,80,0.463,8,24,0.333,25,33,0.758,10,21,31,21,9,4,9,24,-17.0
22013,1612709913,ERI,Erie BayHawks,2021300215,2014-02-03,ERI @ SPG,L,241,98,39,84,0.464,1,13,0.077,19,23,0.826,8,32,40,15,7,8,12,24,-6.0
22013,1610612763,MEM,Memphis Grizzlies,0021300716,2014-02-03,MEM @ OKC,L,242,77,32,81,0.395,2,16,0.125,11,15,0.733,11,24,35,18,8,4,11,21,-9.0
22013,1610612746,LAC,Los Angeles Clippers,0021300718,2014-02-03,LAC @ DEN,L,241,115,42,84,0.5,6,21,0.286,25,34,0.735,9,28,37,31,12,5,11,27,-1.0
22013,1612709917,SPG,Springfield Armor,2021300215,2014-02-03,SPG vs. ERI,W,240,104,40,87,0.46,8,20,0.4,16,26,0.615,14,34,48,20,8,5,11,18,6.0
22013,1610612758,SAC,Sacramento Kings,0021300720,2014-02-03,SAC vs. CHI,W,240,99,36,69,0.522,2,8,0.25,25,34,0.735,10,43,53,18,7,3,22,26,29.0
22013,1610612740,NOP,New Orleans Pelicans,0021300715,2014-02-03,NOP vs. SAS,L,239,95,36,79,0.456,6,14,0.429,17,20,0.85,7,37,44,16,3,7,15,24,-7.0
22013,1610612752,NYK,New York Knicks,0021300714,2014-02-03,NYK @ MIL,L,243,98,34,78,0.436,15,34,0.441,15,24,0.625,8,32,40,17,4,2,9,20,-3.0
22013,1610612762,UTA,Utah Jazz,0021300719,2014-02-03,UTA vs. TOR,L,240,79,32,78,0.41,3,17,0.176,12,13,0.923,11,28,39,10,4,5,11,16,-15.0
22013,1610612743,DEN,Denver Nuggets,0021300718,2014-02-03,DEN vs. LAC,W,239,116,40,83,0.482,5,18,0.278,31,44,0.705,17,35,52,18,8,6,17,23,1.0
22013,1610612757,POR,Portland Trail Blazers,0021300711,2014-02-03,POR @ WAS,L,241,90,37,81,0.457,5,19,0.263,11,12,0.917,7,38,45,23,3,7,16,17,-10.0
22013,1610612759,SAS,San Antonio Spurs,0021300715,2014-02-03,SAS @ NOP,W,242,102,38,81,0.469,5,18,0.278,21,25,0.84,5,29,34,20,9,12,7,16,7.0
22013,1610612742,DAL,Dallas Mavericks,0021300717,2014-02-03,DAL vs. CLE,W,241,124,44,80,0.55,12,26,0.462,24,26,0.923,10,35,45,30,4,5,13,23,17.0
22013,1610612755,PHI,Philadelphia 76ers,0021300712,2014-02-03,PHI @ BKN,L,240,102,37,71,0.521,8,20,0.4,20,28,0.714,8,30,38,20,4,3,25,28,-6.0
22013,1610612749,MIL,Milwaukee Bucks,0021300714,2014-02-03,MIL vs. NYK,W,240,101,36,81,0.444,11,18,0.611,18,21,0.857,12,32,44,20,3,1,11,24,3.0
22013,1610612751,BKN,Brooklyn Nets,0021300712,2014-02-03,BKN vs. PHI,W,240,108,32,72,0.444,10,25,0.4,34,39,0.872,5,25,30,25,15,6,13,24,6.0
22013,1610612753,ORL,Orlando Magic,0021300710,2014-02-03,ORL @ IND,L,241,79,33,83,0.398,7,16,0.438,6,10,0.6,9,29,38,21,5,4,13,18,-19.0
22013,1610612754,IND,Indiana Pacers,0021300710,2014-02-03,IND vs. ORL,W,240,98,38,90,0.422,8,25,0.32,14,17,0.824,13,39,52,21,4,5,9,13,19.0
22013,1610612741,CHI,Chicago Bulls,0021300720,2014-02-03,CHI @ SAC,L,242,70,22,78,0.282,4,20,0.2,22,34,0.647,8,22,30,17,11,2,14,24,-29.0
22013,1610612761,TOR,Toronto Raptors,0021300719,2014-02-03,TOR @ UTA,W,240,94,37,84,0.44,6,21,0.286,14,16,0.875,15,29,44,21,7,3,6,17,15.0
22013,1610612738,BOS,Boston Celtics,0021300709,2014-02-02,BOS vs. ORL,W,240,96,41,82,0.5,4,14,0.286,10,12,0.833,10,34,44,24,7,3,16,18,7.0
22013,1610612753,ORL,Orlando Magic,0021300709,2014-02-02,ORL @ BOS,L,240,89,33,80,0.413,5,14,0.357,18,22,0.818,13,26,39,18,9,4,14,13,-7.0
22013,1612709910,FWN,Fort Wayne Mad Ants,2021300210,2014-02-01,FWN vs. CTN,W,239,105,37,88,0.42,5,16,0.313,26,35,0.743,18,24,42,13,12,3,10,23,10.0
22013,1610612748,MIA,Miami Heat,0021300705,2014-02-01,MIA @ NYK,W,240,106,41,76,0.539,8,23,0.348,16,24,0.667,7,27,34,18,10,3,13,20,15.0
22013,1612709902,SCW,Santa Cruz Warriors,2021300214,2014-02-01,SCW vs. BAK,W,239,110,36,88,0.409,8,29,0.276,30,36,0.833,13,32,45,21,10,8,14,25,5.0
22013,1610612745,HOU,Houston Rockets,0021300701,2014-02-01,HOU vs. CLE,W,240,106,41,80,0.513,7,26,0.269,17,24,0.708,10,34,44,24,8,7,17,12,14.0
22013,1612709903,IDA,Idaho Stampede,2021300213,2014-02-01,IDA vs. LAD,W,240,127,55,98,0.561,8,20,0.4,9,13,0.692,11,36,47,38,10,4,22,17,4.0
22013,1610612762,UTA,Utah Jazz,0021300708,2014-02-01,UTA @ LAC,L,241,87,29,81,0.358,10,30,0.333,19,28,0.679,15,27,42,19,5,1,11,27,-15.0
22013,1610612740,NOP,New Orleans Pelicans,0021300703,2014-02-01,NOP vs. CHI,W,239,88,38,80,0.475,4,9,0.444,8,10,0.8,10,22,32,22,8,14,12,25,9.0
22013,1612709890,AUS,Austin Toros,2021300207,2014-02-01,AUS vs. TUL,L,241,88,33,76,0.434,8,20,0.4,14,22,0.636,7,30,37,17,11,10,15,18,-12.0
22013,1610612752,NYK,New York Knicks,0021300705,2014-02-01,NYK vs. MIA,L,242,91,33,67,0.493,11,26,0.423,14,23,0.609,9,24,33,14,7,4,17,22,-15.0
22013,1612709893,CTN,Canton Charge,2021300210,2014-02-01,CTN @ FWN,L,242,95,35,74,0.473,5,12,0.417,20,30,0.667,16,29,45,17,4,4,22,30,-10.0
22013,1610612739,CLE,Cleveland Cavaliers,0021300701,2014-02-01,CLE @ HOU,L,240,92,38,87,0.437,8,30,0.267,8,10,0.8,7,25,32,23,8,4,16,24,-14.0
22013,1610612754,IND,Indiana Pacers,0021300697,2014-02-01,IND vs. BKN,W,240,97,31,73,0.425,3,15,0.2,32,37,0.865,12,34,46,17,7,5,23,20,1.0
22013,1612709908,RGV,Rio Grande Valley Vipers,2021300212,2014-02-01,RGV @ TEX,W,239,123,41,84,0.488,7,29,0.241,34,46,0.739,23,40,63,20,9,5,24,20,10.0
22013,1612709913,ERI,Erie BayHawks,2021300208,2014-02-01,ERI @ MNE,L,240,103,42,82,0.512,6,17,0.353,13,22,0.591,10,27,37,19,12,7,21,28,-7.0
22013,1610612750,MIN,Minnesota Timberwolves,0021300699,2014-02-01,MIN @ ATL,L,241,113,37,84,0.44,6,16,0.375,33,39,0.846,14,32,46,25,9,7,17,24,-7.0
22013,1610612757,POR,Portland Trail Blazers,0021300707,2014-02-01,POR vs. TOR,W,240,106,35,76,0.461,8,18,0.444,28,35,0.8,11,31,42,20,5,3,14,24,3.0
22013,1612709900,BAK,Bakersfield Jam,2021300214,2014-02-01,BAK @ SCW,L,239,105,41,92,0.446,10,22,0.455,13,28,0.464,19,39,58,21,5,3,22,28,-2.4
22013,1612709918,TEX,Texas Legends,2021300212,2014-02-01,TEX vs. RGV,L,239,113,39,91,0.429,14,35,0.4,21,28,0.75,12,24,36,28,14,5,16,30,-10.0
22013,1612709889,TUL,Tulsa 66ers,2021300207,2014-02-01,TUL @ AUS,W,240,100,38,86,0.442,7,15,0.467,17,19,0.895,14,31,45,13,9,10,16,21,12.0
22013,1610612746,LAC,Los Angeles Clippers,0021300708,2014-02-01,LAC vs. UTA,W,240,102,38,74,0.514,2,12,0.167,24,37,0.649,14,31,45,25,7,6,11,22,15.0
22013,1610612755,PHI,Philadelphia 76ers,0021300700,2014-02-01,PHI @ DET,L,239,96,38,89,0.427,5,21,0.238,15,23,0.652,13,31,44,17,12,2,19,28,-17.0
22013,1610612737,ATL,Atlanta Hawks,0021300699,2014-02-01,ATL vs. MIN,W,239,120,43,92,0.467,9,23,0.391,25,30,0.833,15,33,48,30,12,4,13,27,7.0
22013,1610612758,SAC,Sacramento Kings,0021300704,2014-02-01,SAC @ SAS,L,240,93,34,83,0.41,5,14,0.357,20,25,0.8,8,35,43,15,8,4,9,26,-2.0
22013,1612709905,LAD,Los Angeles D-Fenders,2021300213,2014-02-01,LAD @ IDA,L,240,123,50,101,0.495,9,24,0.375,14,20,0.7,15,33,48,23,9,3,19,17,-4.0
22013,1610612765,DET,Detroit Pistons,0021300700,2014-02-01,DET vs. PHI,W,240,113,41,92,0.446,7,25,0.28,24,40,0.6,23,35,58,23,12,8,16,20,17.0
22013,1610612749,MIL,Milwaukee Bucks,0021300702,2014-02-01,MIL @ MEM,L,239,90,30,76,0.395,9,23,0.391,21,25,0.84,11,27,38,15,8,3,13,21,-9.0
22013,1612709904,SXF,Sioux Falls Skyforce,2021300211,2014-02-01,SXF @ IWA,W,240,112,41,88,0.466,10,26,0.385,20,28,0.714,9,35,44,24,11,6,11,23,12.0
22013,1610612761,TOR,Toronto Raptors,0021300707,2014-02-01,TOR @ POR,L,239,103,40,87,0.46,6,20,0.3,17,25,0.68,9,29,38,27,2,3,12,30,-3.0
22013,1612709915,MNE,Maine Red Claws,2021300208,2014-02-01,MNE vs. ERI,W,241,108,36,74,0.486,10,28,0.357,26,34,0.765,12,33,45,22,8,5,24,20,6.4
22013,1612709909,DEL,Delaware 87ers,2021300209,2014-02-01,DEL vs. SPG,L,239,112,43,100,0.43,9,27,0.333,17,25,0.68,18,31,49,21,6,6,12,26,-3.0
22013,1610612759,SAS,San Antonio Spurs,0021300704,2014-02-01,SAS vs. SAC,W,241,95,36,75,0.48,6,22,0.273,17,26,0.654,7,35,42,23,4,7,13,19,2.0
22013,1612709911,IWA,Iowa Energy,2021300211,2014-02-01,IWA vs. SXF,L,239,100,32,83,0.386,10,29,0.345,26,32,0.813,10,32,42,17,5,5,18,23,-12.0
22013,1610612763,MEM,Memphis Grizzlies,0021300702,2014-02-01,MEM vs. MIL,W,240,99,38,79,0.481,6,10,0.6,17,22,0.773,13,35,48,22,4,6,12,20,9.0
22013,1610612764,WAS,Washington Wizards,0021300698,2014-02-01,WAS vs. OKC,W,239,96,41,89,0.461,8,24,0.333,6,9,0.667,8,35,43,28,9,2,10,18,15.0
22013,1610612760,OKC,Oklahoma City Thunder,0021300698,2014-02-01,OKC @ WAS,L,240,81,31,78,0.397,4,24,0.167,15,17,0.882,11,35,46,19,4,5,21,18,-15.0
22013,1610612741,CHI,Chicago Bulls,0021300703,2014-02-01,CHI @ NOP,L,240,79,27,70,0.386,3,16,0.188,22,33,0.667,16,26,42,20,4,7,17,17,-9.0
22013,1610612756,PHX,Phoenix Suns,0021300706,2014-02-01,PHX vs. CHA,W,239,105,39,80,0.488,7,21,0.333,20,23,0.87,9,42,51,13,5,4,13,22,10.0
22013,1610612766,CHA,Charlotte Bobcats,0021300706,2014-02-01,CHA @ PHX,L,239,95,33,79,0.418,8,23,0.348,21,29,0.724,5,29,34,19,7,5,8,18,-10.0
22013,1612709917,SPG,Springfield Armor,2021300209,2014-02-01,SPG @ DEL,W,240,115,42,85,0.494,8,18,0.444,23,31,0.742,9,34,43,22,5,8,12,23,3.0
22013,1610612751,BKN,Brooklyn Nets,0021300697,2014-02-01,BKN @ IND,L,241,96,34,77,0.442,7,23,0.304,21,23,0.913,6,21,27,15,15,7,15,28,-1.0
22013,1612709908,RGV,Rio Grande Valley Vipers,2021300203,2014-01-31,RGV @ TEX,L,238,118,41,102,0.402,21,54,0.389,15,29,0.517,20,34,54,28,7,1,15,25,-7.0
22013,1612709909,DEL,Delaware 87ers,2021300200,2014-01-31,DEL @ MNE,L,241,100,43,96,0.448,3,18,0.167,11,19,0.579,13,35,48,19,11,7,18,20,-11.0
22013,1610612761,TOR,Toronto Raptors,0021300694,2014-01-31,TOR @ DEN,W,241,100,37,85,0.435,8,21,0.381,18,20,0.9,9,31,40,24,10,7,14,18,10.0
22013,1612709914,RNO,Reno Bighorns,2021300206,2014-01-31,RNO @ SCW,W,241,100,36,81,0.444,7,19,0.368,21,30,0.7,12,26,38,20,9,4,11,18,4.0
22013,1610612753,ORL,Orlando Magic,0021300689,2014-01-31,ORL vs. MIL,W,240,113,43,83,0.518,7,16,0.438,20,25,0.8,6,38,44,27,10,4,15,22,11.0
22013,1610612758,SAC,Sacramento Kings,0021300693,2014-01-31,SAC @ DAL,L,240,103,38,75,0.507,7,21,0.333,20,23,0.87,10,29,39,20,4,6,14,26,-4.0
22013,1610612742,DAL,Dallas Mavericks,0021300693,2014-01-31,DAL vs. SAC,W,242,107,38,80,0.475,2,19,0.105,29,36,0.806,12,25,37,21,10,2,4,18,4.0
22013,1612709913,ERI,Erie BayHawks,2021300201,2014-01-31,ERI @ SPG,L,240,105,41,85,0.482,8,21,0.381,15,21,0.714,4,32,36,21,5,2,11,25,-10.0
22013,1610612744,GSW,Golden State Warriors,0021300696,2014-01-31,GSW @ UTA,W,241,95,33,88,0.375,10,26,0.385,19,24,0.792,14,29,43,17,9,5,8,22,5.0
22013,1612709902,SCW,Santa Cruz Warriors,2021300206,2014-01-31,SCW vs. RNO,L,240,96,34,75,0.453,8,14,0.571,20,22,0.909,13,35,48,17,4,6,22,25,-4.0
22013,1612709918,TEX,Texas Legends,2021300203,2014-01-31,TEX vs. RGV,W,239,125,45,88,0.511,7,26,0.269,28,40,0.7,11,44,55,29,10,5,13,27,7.0
22013,1612709917,SPG,Springfield Armor,2021300201,2014-01-31,SPG vs. ERI,W,241,115,46,84,0.548,6,14,0.429,17,29,0.586,9,41,50,17,6,7,12,15,10.0
22013,1610612750,MIN,Minnesota Timberwolves,0021300691,2014-01-31,MIN vs. MEM,L,240,90,39,84,0.464,6,22,0.273,6,7,0.857,9,37,46,18,5,4,14,20,-4.0
22013,1612709905,LAD,Los Angeles D-Fenders,2021300205,2014-01-31,LAD @ IDA,W,240,135,47,98,0.48,17,40,0.425,24,39,0.615,19,38,57,17,9,2,12,22,8.0
22013,1612709910,FWN,Fort Wayne Mad Ants,2021300202,2014-01-31,FWN @ CTN,L,240,100,36,79,0.456,8,20,0.4,20,33,0.606,9,29,38,22,12,4,14,26,-1.0
22013,1610612747,LAL,Los Angeles Lakers,0021300695,2014-01-31,LAL vs. CHA,L,239,100,36,93,0.387,6,26,0.231,22,27,0.815,9,32,41,23,5,3,8,23,-10.0
22013,1610612737,ATL,Atlanta Hawks,0021300690,2014-01-31,ATL @ PHI,W,242,125,45,89,0.506,8,16,0.5,27,34,0.794,9,37,46,36,15,4,18,22,26.0
22013,1612709915,MNE,Maine Red Claws,2021300200,2014-01-31,MNE vs. DEL,W,240,111,38,81,0.469,15,28,0.536,20,26,0.769,10,35,45,23,10,11,22,18,11.0
22013,1612709903,IDA,Idaho Stampede,2021300205,2014-01-31,IDA vs. LAD,L,241,127,50,101,0.495,11,34,0.324,16,25,0.64,17,37,54,28,8,3,14,27,-8.0
22013,1610612755,PHI,Philadelphia 76ers,0021300690,2014-01-31,PHI vs. ATL,L,241,99,32,87,0.368,6,22,0.273,29,37,0.784,13,33,46,19,10,4,19,25,-26.0
22013,1610612743,DEN,Denver Nuggets,0021300694,2014-01-31,DEN vs. TOR,L,240,90,36,80,0.45,8,21,0.381,10,14,0.714,12,37,49,27,9,6,25,19,-10.0
22013,1610612751,BKN,Brooklyn Nets,0021300692,2014-01-31,BKN vs. OKC,L,239,95,35,74,0.473,11,24,0.458,14,17,0.824,3,14,17,18,13,3,13,21,-25.0
22013,1610612749,MIL,Milwaukee Bucks,0021300689,2014-01-31,MIL @ ORL,L,239,102,39,87,0.448,10,21,0.476,14,24,0.583,12,31,43,23,8,7,15,20,-11.0
22013,1612709889,TUL,Tulsa 66ers,2021300204,2014-01-31,TUL @ AUS,L,240,91,32,79,0.405,4,12,0.333,23,31,0.742,15,31,46,10,6,4,16,21,-13.0
22013,1610612760,OKC,Oklahoma City Thunder,0021300692,2014-01-31,OKC @ BKN,W,239,120,49,77,0.636,5,15,0.333,17,20,0.85,10,31,41,28,9,7,16,19,25.0
22013,1612709890,AUS,Austin Toros,2021300204,2014-01-31,AUS vs. TUL,W,240,104,40,81,0.494,2,11,0.182,22,28,0.786,11,26,37,14,10,6,14,22,13.0
22013,1612709893,CTN,Canton Charge,2021300202,2014-01-31,CTN vs. FWN,W,241,101,39,72,0.542,3,14,0.214,20,37,0.541,11,37,48,23,6,3,21,28,1.0
22013,1610612762,UTA,Utah Jazz,0021300696,2014-01-31,UTA vs. GSW,L,241,90,35,73,0.479,3,9,0.333,17,21,0.81,6,36,42,18,3,3,18,22,-5.0
22013,1610612763,MEM,Memphis Grizzlies,0021300691,2014-01-31,MEM @ MIN,W,241,94,38,80,0.475,4,12,0.333,14,22,0.636,9,29,38,19,10,6,9,11,4.0
22013,1610612766,CHA,Charlotte Bobcats,0021300695,2014-01-31,CHA @ LAL,W,240,110,46,88,0.523,2,11,0.182,16,22,0.727,7,42,49,28,7,2,9,20,10.0
22013,1612709904,SXF,Sioux Falls Skyforce,2021300199,2014-01-30,SXF vs. IWA,W,240,97,40,87,0.46,4,18,0.222,13,16,0.813,5,37,42,20,16,10,13,9,13.0
22013,1610612739,CLE,Cleveland Cavaliers,0021300687,2014-01-30,CLE @ NYK,L,240,86,31,87,0.356,8,23,0.348,16,22,0.727,13,23,36,14,10,2,12,25,-31.0
22013,1610612746,LAC,Los Angeles Clippers,0021300688,2014-01-30,LAC @ GSW,L,242,92,31,76,0.408,8,24,0.333,22,34,0.647,8,26,34,17,6,1,13,15,-19.0
22013,1612709911,IWA,Iowa Energy,2021300199,2014-01-30,IWA @ SXF,L,239,84,35,88,0.398,9,33,0.273,5,6,0.833,12,38,50,20,8,3,24,16,-13.0
22013,1610612744,GSW,Golden State Warriors,0021300688,2014-01-30,GSW vs. LAC,W,242,111,45,91,0.495,6,21,0.286,15,20,0.75,16,37,53,24,8,5,11,21,19.0
22013,1610612752,NYK,New York Knicks,0021300687,2014-01-30,NYK vs. CLE,W,240,117,43,76,0.566,12,26,0.462,19,28,0.679,8,36,44,21,5,10,16,18,31.0
22013,1610612756,PHX,Phoenix Suns,0021300686,2014-01-30,PHX @ IND,W,239,102,39,91,0.429,8,17,0.471,16,20,0.8,11,35,46,18,6,4,12,21,8.0
22013,1610612754,IND,Indiana Pacers,0021300686,2014-01-30,IND vs. PHX,L,239,94,38,87,0.437,1,15,0.067,17,24,0.708,14,33,47,15,2,6,15,23,-8.0
22013,1610612753,ORL,Orlando Magic,0021300676,2014-01-29,ORL @ TOR,L,240,83,28,84,0.333,6,19,0.316,21,26,0.808,10,29,39,17,10,5,6,14,-15.0
22013,1610612741,CHI,Chicago Bulls,0021300683,2014-01-29,CHI @ SAS,W,242,96,37,83,0.446,4,12,0.333,18,23,0.783,14,25,39,21,9,8,7,18,10.0
22013,1612709918,TEX,Texas Legends,2021300198,2014-01-29,TEX @ RNO,L,240,115,39,81,0.481,9,27,0.333,28,28,1.0,8,24,32,24,10,4,18,26,-9.0
22013,1610612749,MIL,Milwaukee Bucks,0021300679,2014-01-29,MIL vs. PHX,L,240,117,38,89,0.427,7,19,0.368,34,36,0.944,11,25,36,22,3,3,9,25,-9.0
22013,1612709908,RGV,Rio Grande Valley Vipers,2021300196,2014-01-29,RGV vs. TUL,W,240,125,40,85,0.471,17,48,0.354,28,35,0.8,12,44,56,26,7,4,17,28,12.0
22013,1610612743,DEN,Denver Nuggets,0021300682,2014-01-29,DEN vs. CHA,L,239,98,39,100,0.39,9,28,0.321,11,13,0.846,9,34,43,20,6,2,11,28,-3.0
22013,1610612745,HOU,Houston Rockets,0021300681,2014-01-29,HOU @ DAL,W,240,117,41,74,0.554,9,21,0.429,26,36,0.722,10,32,42,24,8,1,17,29,2.0
22013,1612709902,SCW,Santa Cruz Warriors,2021300197,2014-01-29,SCW @ IDA,L,239,95,35,87,0.402,4,15,0.267,21,27,0.778,15,33,48,13,8,4,12,20,-4.0
22013,1610612738,BOS,Boston Celtics,0021300678,2014-01-29,BOS vs. PHI,L,242,94,32,87,0.368,7,19,0.368,23,30,0.767,18,41,59,20,8,7,17,21,-1.0
22013,1610612748,MIA,Miami Heat,0021300675,2014-01-29,MIA vs. OKC,L,241,95,37,72,0.514,3,19,0.158,18,22,0.818,10,27,37,20,4,2,20,15,-17.0
22013,1612709889,TUL,Tulsa 66ers,2021300196,2014-01-29,TUL @ RGV,L,240,113,39,97,0.402,5,29,0.172,30,41,0.732,14,35,49,21,12,3,9,25,-12.0
22013,1610612755,PHI,Philadelphia 76ers,0021300678,2014-01-29,PHI @ BOS,W,240,95,37,86,0.43,7,21,0.333,14,25,0.56,7,33,40,26,8,3,10,24,1.0
22013,1610612746,LAC,Los Angeles Clippers,0021300685,2014-01-29,LAC vs. WAS,W,240,110,36,73,0.493,6,15,0.4,32,42,0.762,8,35,43,21,5,3,19,16,7.0
22013,1610612742,DAL,Dallas Mavericks,0021300681,2014-01-29,DAL vs. HOU,L,241,115,40,86,0.465,5,19,0.263,30,36,0.833,13,28,41,20,5,4,14,29,-2.0
22013,1610612766,CHA,Charlotte Bobcats,0021300682,2014-01-29,CHA @ DEN,W,240,101,33,78,0.423,5,14,0.357,30,42,0.714,7,46,53,18,5,7,16,16,3.0
22013,1610612756,PHX,Phoenix Suns,0021300679,2014-01-29,PHX @ MIL,W,241,126,42,78,0.538,12,23,0.522,30,32,0.938,8,28,36,28,8,4,15,29,9.0
22013,1612709903,IDA,Idaho Stampede,2021300197,2014-01-29,IDA vs. SCW,W,240,99,35,72,0.486,12,23,0.522,17,24,0.708,5,35,40,18,7,6,15,22,4.0
22013,1612709914,RNO,Reno Bighorns,2021300198,2014-01-29,RNO vs. TEX,W,239,124,44,78,0.564,10,21,0.476,26,36,0.722,10,30,40,21,6,5,18,27,9.0
22013,1610612750,MIN,Minnesota Timberwolves,0021300680,2014-01-29,MIN vs. NOP,W,239,88,33,82,0.402,4,20,0.2,18,25,0.72,12,38,50,23,3,3,13,21,11.0
22013,1610612759,SAS,San Antonio Spurs,0021300683,2014-01-29,SAS vs. CHI,L,240,86,33,71,0.465,5,13,0.385,15,16,0.938,6,25,31,16,5,2,19,23,-10.0
22013,1610612740,NOP,New Orleans Pelicans,0021300680,2014-01-29,NOP @ MIN,L,240,77,29,82,0.354,2,21,0.095,17,23,0.739,13,35,48,12,4,6,13,26,-11.0
22013,1610612761,TOR,Toronto Raptors,0021300676,2014-01-29,TOR vs. ORL,W,239,98,37,87,0.425,14,31,0.452,10,13,0.769,13,41,54,26,5,3,14,20,15.0
22013,1610612763,MEM,Memphis Grizzlies,0021300684,2014-01-29,MEM @ SAC,W,241,99,41,75,0.547,4,14,0.286,13,16,0.813,9,22,31,24,11,4,12,15,10.0
22013,1610612760,OKC,Oklahoma City Thunder,0021300675,2014-01-29,OKC @ MIA,W,240,112,41,80,0.513,16,27,0.593,14,19,0.737,11,23,34,23,13,2,12,16,17.0
22013,1610612764,WAS,Washington Wizards,0021300685,2014-01-29,WAS @ LAC,L,241,103,45,88,0.511,3,22,0.136,10,17,0.588,6,30,36,31,10,4,16,26,-7.0
22013,1610612758,SAC,Sacramento Kings,0021300684,2014-01-29,SAC vs. MEM,L,240,89,38,79,0.481,5,21,0.238,8,8,1.0,13,21,34,20,5,2,15,12,-10.0
22013,1610612763,MEM,Memphis Grizzlies,0021300672,2014-01-28,MEM @ POR,W,239,98,43,83,0.518,6,13,0.462,6,10,0.6,9,37,46,24,9,2,13,20,17.0
22013,1610612765,DET,Detroit Pistons,0021300669,2014-01-28,DET vs. ORL,W,242,103,39,86,0.453,6,20,0.3,19,28,0.679,17,39,56,22,7,7,15,20,16.0
22013,1610612739,CLE,Cleveland Cavaliers,0021300668,2014-01-28,CLE vs. NOP,L,240,89,33,80,0.413,6,15,0.4,17,27,0.63,10,25,35,22,10,2,11,16,-11.0
22013,1610612759,SAS,San Antonio Spurs,0021300671,2014-01-28,SAS @ HOU,L,239,90,35,82,0.427,6,23,0.261,14,21,0.667,13,26,39,23,6,8,11,31,-7.0
22013,1610612753,ORL,Orlando Magic,0021300669,2014-01-28,ORL @ DET,L,240,87,32,77,0.416,8,20,0.4,15,25,0.6,8,32,40,19,10,2,15,17,-16.0
22013,1610612738,BOS,Boston Celtics,0021300670,2014-01-28,BOS @ NYK,L,238,88,32,82,0.39,6,22,0.273,18,24,0.75,13,27,40,21,8,2,17,22,-26.0
22013,1612709909,DEL,Delaware 87ers,2021300195,2014-01-28,DEL vs. AUS,W,240,91,38,80,0.475,3,16,0.188,12,20,0.6,9,37,46,16,11,9,16,25,4.0
22013,1610612754,IND,Indiana Pacers,0021300674,2014-01-28,IND @ LAL,W,241,104,42,99,0.424,5,21,0.238,15,27,0.556,17,46,63,23,7,2,4,16,12.0
22013,1610612745,HOU,Houston Rockets,0021300671,2014-01-28,HOU vs. SAS,W,240,97,33,75,0.44,5,18,0.278,26,47,0.553,19,36,55,18,5,4,15,21,7.0
22013,1610612744,GSW,Golden State Warriors,0021300673,2014-01-28,GSW vs. WAS,L,241,85,30,80,0.375,7,23,0.304,18,23,0.783,5,42,47,19,12,6,19,16,-3.0
22013,1612709890,AUS,Austin Toros,2021300195,2014-01-28,AUS @ DEL,L,239,87,35,97,0.361,2,15,0.133,15,21,0.714,18,31,49,22,10,4,16,18,-4.0
22013,1610612757,POR,Portland Trail Blazers,0021300672,2014-01-28,POR vs. MEM,L,241,81,30,87,0.345,4,24,0.167,17,22,0.773,12,28,40,18,4,2,12,12,-17.0
22013,1610612752,NYK,New York Knicks,0021300670,2014-01-28,NYK vs. BOS,W,240,114,44,82,0.537,10,20,0.5,16,23,0.696,12,34,46,25,9,7,15,20,26.0
22013,1610612747,LAL,Los Angeles Lakers,0021300674,2014-01-28,LAL vs. IND,L,241,92,37,94,0.394,5,24,0.208,13,16,0.813,7,43,50,24,3,4,9,18,-12.0
22013,1610612740,NOP,New Orleans Pelicans,0021300668,2014-01-28,NOP @ CLE,W,241,100,39,74,0.527,4,13,0.308,18,23,0.783,6,35,41,27,7,10,13,23,11.0
22013,1610612764,WAS,Washington Wizards,0021300673,2014-01-28,WAS @ GSW,W,241,88,34,90,0.378,10,22,0.455,10,15,0.667,12,44,56,20,10,4,18,17,3.0
22013,1610612762,UTA,Utah Jazz,0021300667,2014-01-27,UTA vs. SAC,W,240,106,32,80,0.4,7,20,0.35,35,53,0.66,19,35,54,20,6,3,8,23,7.0
22013,1610612746,LAC,Los Angeles Clippers,0021300665,2014-01-27,LAC @ MIL,W,240,114,43,79,0.544,14,28,0.5,14,19,0.737,11,36,47,29,9,3,17,25,28.0
22013,1610612755,PHI,Philadelphia 76ers,0021300662,2014-01-27,PHI vs. PHX,L,240,113,40,87,0.46,8,20,0.4,25,26,0.962,14,23,37,23,11,3,21,27,-11.0
22013,1612709908,RGV,Rio Grande Valley Vipers,2021300193,2014-01-27,RGV vs. TUL,L,240,127,47,107,0.439,14,44,0.318,19,27,0.704,22,28,50,24,8,8,14,23,-17.0
22013,1612709890,AUS,Austin Toros,2021300192,2014-01-27,AUS @ DEL,L,242,87,38,83,0.458,2,15,0.133,9,17,0.529,11,27,38,16,9,3,21,17,-12.0
22013,1610612737,ATL,Atlanta Hawks,0021300666,2014-01-27,ATL @ OKC,L,240,109,43,88,0.489,12,25,0.48,11,12,0.917,15,25,40,25,8,2,15,17,-2.0
22013,1610612750,MIN,Minnesota Timberwolves,0021300664,2014-01-27,MIN @ CHI,W,240,95,34,73,0.466,5,17,0.294,22,26,0.846,5,35,40,20,8,8,14,14,9.0
22013,1612709918,TEX,Texas Legends,2021300194,2014-01-27,TEX @ LAD,L,241,124,49,107,0.458,11,33,0.333,15,22,0.682,18,36,54,34,4,5,19,22,-26.0
22013,1612709905,LAD,Los Angeles D-Fenders,2021300194,2014-01-27,LAD vs. TEX,W,240,150,58,108,0.537,16,39,0.41,18,29,0.621,8,36,44,39,15,6,10,22,26.0
22013,1610612758,SAC,Sacramento Kings,0021300667,2014-01-27,SAC @ UTA,L,239,99,37,90,0.411,5,22,0.227,20,26,0.769,20,35,55,15,3,5,10,36,-7.0
22013,1612709889,TUL,Tulsa 66ers,2021300193,2014-01-27,TUL @ RGV,W,241,144,56,92,0.609,9,21,0.429,23,35,0.657,11,37,48,30,8,7,12,22,17.0
22013,1610612760,OKC,Oklahoma City Thunder,0021300666,2014-01-27,OKC vs. ATL,W,241,111,43,82,0.524,13,25,0.52,12,18,0.667,10,23,33,23,8,10,14,12,2.0
22013,1610612741,CHI,Chicago Bulls,0021300664,2014-01-27,CHI vs. MIN,L,240,86,32,85,0.376,8,24,0.333,14,16,0.875,11,31,42,20,9,4,13,25,-9.0
22013,1610612749,MIL,Milwaukee Bucks,0021300665,2014-01-27,MIL vs. LAC,L,240,86,34,89,0.382,4,22,0.182,14,22,0.636,17,24,41,24,6,3,11,15,-28.0
22013,1610612761,TOR,Toronto Raptors,0021300663,2014-01-27,TOR @ BKN,W,239,104,37,79,0.468,9,22,0.409,21,26,0.808,10,33,43,21,8,3,18,18,1.0
22013,1610612751,BKN,Brooklyn Nets,0021300663,2014-01-27,BKN vs. TOR,L,240,103,37,77,0.481,11,24,0.458,18,22,0.818,5,31,36,22,10,4,17,20,-1.0
22013,1610612756,PHX,Phoenix Suns,0021300662,2014-01-27,PHX @ PHI,W,239,124,43,80,0.538,9,20,0.45,29,35,0.829,13,29,42,25,11,12,19,25,11.0
22013,1612709909,DEL,Delaware 87ers,2021300192,2014-01-27,DEL vs. AUS,W,240,99,39,81,0.481,6,15,0.4,15,16,0.938,11,32,43,21,11,5,20,15,12.0
22013,1610612753,ORL,Orlando Magic,0021300656,2014-01-26,ORL @ NOP,L,240,92,36,77,0.468,3,15,0.2,17,19,0.895,4,28,32,15,7,2,16,24,-8.0
22013,1612709911,IWA,Iowa Energy,2021300191,2014-01-26,IWA @ ERI,L,241,110,41,83,0.494,14,34,0.412,14,19,0.737,5,38,43,24,10,3,16,17,-1.0
22013,1610612748,MIA,Miami Heat,0021300654,2014-01-26,MIA vs. SAS,W,242,113,43,74,0.581,8,19,0.421,19,20,0.95,7,30,37,28,6,5,14,22,12.0
22013,1610612740,NOP,New Orleans Pelicans,0021300656,2014-01-26,NOP vs. ORL,W,242,100,37,81,0.457,5,12,0.417,21,27,0.778,16,32,48,21,10,10,14,26,8.0
22013,1610612757,POR,Portland Trail Blazers,0021300660,2014-01-26,POR @ GSW,L,241,88,28,83,0.337,6,21,0.286,26,33,0.788,12,42,54,16,3,6,14,19,-15.0
22013,1610612744,GSW,Golden State Warriors,0021300660,2014-01-26,GSW vs. POR,W,238,103,38,91,0.418,10,25,0.4,17,21,0.81,10,41,51,22,8,4,9,21,15.0
22013,1610612752,NYK,New York Knicks,0021300655,2014-01-26,NYK vs. LAL,W,240,110,43,90,0.478,11,26,0.423,13,18,0.722,16,29,45,21,4,6,11,19,7.0
22013,1610612758,SAC,Sacramento Kings,0021300661,2014-01-26,SAC vs. DEN,L,239,117,42,81,0.519,4,16,0.25,29,34,0.853,9,32,41,23,10,1,16,31,-8.0
22013,1610612751,BKN,Brooklyn Nets,0021300658,2014-01-26,BKN @ BOS,W,239,85,33,84,0.393,6,25,0.24,13,18,0.722,10,32,42,20,9,3,11,20,6.0
22013,1610612756,PHX,Phoenix Suns,0021300657,2014-01-26,PHX @ CLE,W,239,99,34,82,0.415,9,27,0.333,22,28,0.786,14,36,50,23,6,2,12,24,9.0
22013,1610612742,DAL,Dallas Mavericks,0021300659,2014-01-26,DAL vs. DET,W,240,116,43,74,0.581,7,21,0.333,23,28,0.821,7,32,39,23,6,7,17,19,10.0
22013,1610612765,DET,Detroit Pistons,0021300659,2014-01-26,DET @ DAL,L,241,106,43,91,0.473,4,13,0.308,16,28,0.571,17,24,41,18,10,0,12,21,-10.0
22013,1610612743,DEN,Denver Nuggets,0021300661,2014-01-26,DEN @ SAC,W,239,125,42,81,0.519,10,25,0.4,31,40,0.775,6,31,37,28,11,5,11,25,8.0
22013,1610612759,SAS,San Antonio Spurs,0021300654,2014-01-26,SAS @ MIA,L,240,101,38,76,0.5,6,22,0.273,19,23,0.826,6,22,28,24,8,4,12,17,-12.0
22013,1610612739,CLE,Cleveland Cavaliers,0021300657,2014-01-26,CLE vs. PHX,L,240,90,34,86,0.395,5,16,0.313,17,24,0.708,14,29,43,23,6,3,14,23,-9.0
22013,1610612747,LAL,Los Angeles Lakers,0021300655,2014-01-26,LAL @ NYK,L,240,103,39,75,0.52,11,23,0.478,14,18,0.778,5,30,35,16,6,3,11,20,-7.0
22013,1612709913,ERI,Erie BayHawks,2021300191,2014-01-26,ERI vs. IWA,W,240,111,42,89,0.472,9,28,0.321,18,20,0.9,9,35,44,25,15,6,12,16,-1.6
22013,1610612738,BOS,Boston Celtics,0021300658,2014-01-26,BOS vs. BKN,L,239,79,28,75,0.373,7,26,0.269,16,19,0.842,12,33,45,17,6,5,15,21,-6.0
22013,1610612754,IND,Indiana Pacers,0021300651,2014-01-25,IND @ DEN,L,241,96,37,88,0.42,5,12,0.417,17,27,0.63,10,41,51,20,5,2,16,27,-13.0
22013,1612709902,SCW,Santa Cruz Warriors,2021300187,2014-01-25,SCW @ TEX,W,241,96,35,86,0.407,10,26,0.385,16,22,0.727,22,36,58,16,3,1,20,26,11.0
22013,1610612737,ATL,Atlanta Hawks,0021300650,2014-01-25,ATL @ MIL,W,241,112,40,76,0.526,13,26,0.5,19,25,0.76,4,31,35,26,10,2,13,19,25.0
22013,1612709914,RNO,Reno Bighorns,2021300190,2014-01-25,RNO @ BAK,W,241,122,45,81,0.556,9,18,0.5,23,26,0.885,9,28,37,22,13,3,15,25,24.0
22013,1612709908,RGV,Rio Grande Valley Vipers,2021300188,2014-01-25,RGV vs. AUS,W,240,123,40,95,0.421,17,45,0.378,26,30,0.867,18,33,51,17,8,5,16,17,7.0
22013,1610612763,MEM,Memphis Grizzlies,0021300649,2014-01-25,MEM vs. HOU,W,241,99,41,88,0.466,7,19,0.368,10,14,0.714,16,36,52,23,8,5,11,23,18.0
22013,1612709913,ERI,Erie BayHawks,2021300185,2014-01-25,ERI vs. IWA,L,240,96,38,96,0.396,7,25,0.28,13,16,0.813,14,38,52,23,10,5,14,19,-8.0
22013,1610612745,HOU,Houston Rockets,0021300649,2014-01-25,HOU @ MEM,L,240,81,30,81,0.37,9,32,0.281,12,17,0.706,10,28,38,14,3,5,15,15,-18.0
22013,1612709911,IWA,Iowa Energy,2021300185,2014-01-25,IWA @ ERI,W,240,106,40,90,0.444,11,34,0.324,15,23,0.652,14,42,56,23,3,9,16,16,10.0
22013,1610612762,UTA,Utah Jazz,0021300652,2014-01-25,UTA vs. WAS,W,239,104,38,81,0.469,10,24,0.417,18,22,0.818,8,33,41,17,5,1,11,14,3.0
22013,1610612743,DEN,Denver Nuggets,0021300651,2014-01-25,DEN vs. IND,W,240,109,40,83,0.482,8,20,0.4,21,37,0.568,5,41,46,26,8,6,14,21,13.0
22013,1610612764,WAS,Washington Wizards,0021300652,2014-01-25,WAS @ UTA,L,240,101,39,91,0.429,7,20,0.35,16,18,0.889,14,33,47,19,6,3,9,18,-3.0
22013,1610612750,MIN,Minnesota Timberwolves,0021300653,2014-01-25,MIN @ POR,L,239,104,38,89,0.427,9,22,0.409,19,22,0.864,8,32,40,24,5,5,10,22,-11.0
22013,1610612757,POR,Portland Trail Blazers,0021300653,2014-01-25,POR vs. MIN,W,241,115,46,95,0.484,4,16,0.25,19,24,0.792,13,37,50,26,7,5,12,23,11.0
22013,1610612741,CHI,Chicago Bulls,0021300646,2014-01-25,CHI @ CHA,W,241,89,31,77,0.403,11,23,0.478,16,22,0.727,4,37,41,24,11,5,13,16,2.0
22013,1612709893,CTN,Canton Charge,2021300184,2014-01-25,CTN @ DEL,W,240,98,35,79,0.443,3,13,0.231,25,34,0.735,14,22,36,18,12,7,16,15,13.0
22013,1612709904,SXF,Sioux Falls Skyforce,2021300189,2014-01-25,SXF @ LAD,L,240,117,42,97,0.433,6,31,0.194,27,33,0.818,15,40,55,22,7,4,14,24,-5.0
22013,1612709900,BAK,Bakersfield Jam,2021300190,2014-01-25,BAK vs. RNO,L,239,98,39,76,0.513,4,10,0.4,16,30,0.533,14,25,39,18,6,3,23,25,-24.0
22013,1612709905,LAD,Los Angeles D-Fenders,2021300189,2014-01-25,LAD vs. SXF,W,241,122,40,95,0.421,16,44,0.364,26,31,0.839,14,37,51,29,6,5,17,25,5.0
22013,1610612746,LAC,Los Angeles Clippers,0021300647,2014-01-25,LAC @ TOR,W,239,126,46,84,0.548,12,22,0.545,22,25,0.88,8,24,32,20,10,1,6,23,8.0
22013,1612709915,MNE,Maine Red Claws,2021300183,2014-01-25,MNE vs. FWN,W,239,115,35,75,0.467,14,32,0.438,31,44,0.705,14,40,54,29,8,9,24,29,11.0
22013,1612709890,AUS,Austin Toros,2021300188,2014-01-25,AUS @ RGV,L,240,116,45,99,0.455,5,17,0.294,21,22,0.955,21,32,53,20,8,7,16,16,-3.6
22013,1610612766,CHA,Charlotte Bobcats,0021300646,2014-01-25,CHA vs. CHI,L,240,87,37,88,0.42,6,19,0.316,7,10,0.7,11,34,45,24,3,8,15,18,-2.0
22013,1610612749,MIL,Milwaukee Bucks,0021300650,2014-01-25,MIL vs. ATL,L,240,87,38,82,0.463,5,21,0.238,6,13,0.462,13,26,39,23,6,5,19,26,-25.0
22013,1610612755,PHI,Philadelphia 76ers,0021300648,2014-01-25,PHI vs. OKC,L,240,91,34,90,0.378,4,27,0.148,19,27,0.704,19,25,44,22,15,4,15,22,-12.0
22013,1612709903,IDA,Idaho Stampede,2021300186,2014-01-25,IDA @ TUL,L,240,128,45,101,0.446,9,27,0.333,29,40,0.725,18,28,46,15,10,4,9,32,-3.0
22013,1612709889,TUL,Tulsa 66ers,2021300186,2014-01-25,TUL vs. IDA,W,240,131,44,89,0.494,8,24,0.333,35,44,0.795,18,39,57,21,7,3,17,28,3.0
22013,1612709910,FWN,Fort Wayne Mad Ants,2021300183,2014-01-25,FWN @ MNE,L,240,104,32,81,0.395,8,15,0.533,32,37,0.865,8,25,33,20,13,8,15,29,-11.0
22013,1610612761,TOR,Toronto Raptors,0021300647,2014-01-25,TOR vs. LAC,L,238,118,36,74,0.486,14,29,0.483,32,38,0.842,15,27,42,24,4,1,14,22,-8.0
22013,1612709918,TEX,Texas Legends,2021300187,2014-01-25,TEX vs. SCW,L,240,85,28,84,0.333,8,27,0.296,21,28,0.75,16,23,39,16,7,6,12,20,-11.0
22013,1612709909,DEL,Delaware 87ers,2021300184,2014-01-25,DEL vs. CTN,L,240,85,31,63,0.492,7,21,0.333,16,20,0.8,5,28,33,16,4,4,27,31,-13.0
22013,1610612760,OKC,Oklahoma City Thunder,0021300648,2014-01-25,OKC @ PHI,W,241,103,40,76,0.526,4,21,0.19,19,25,0.76,9,35,44,23,10,8,20,21,12.0
22013,1610612741,CHI,Chicago Bulls,0021300641,2014-01-24,CHI vs. LAC,L,241,95,40,93,0.43,6,19,0.316,9,11,0.818,20,26,46,27,5,2,8,17,-17.0
22013,1612709900,BAK,Bakersfield Jam,2021300182,2014-01-24,BAK vs. SXF,L,240,96,33,83,0.398,7,24,0.292,23,33,0.697,19,28,47,19,8,4,21,23,-18.0
22013,1612709908,RGV,Rio Grande Valley Vipers,2021300180,2014-01-24,RGV @ TEX,L,241,121,45,101,0.446,16,53,0.302,15,21,0.714,21,22,43,22,7,5,17,28,-25.0
22013,1612709909,DEL,Delaware 87ers,2021300178,2014-01-24,DEL vs. CTN,W,239,109,36,74,0.486,6,17,0.353,31,43,0.721,8,36,44,18,13,7,14,22,10.0
22013,1610612763,MEM,Memphis Grizzlies,0021300642,2014-01-24,MEM @ HOU,W,238,88,36,78,0.462,4,7,0.571,12,16,0.75,11,31,42,21,5,3,15,16,1.0
22013,1610612751,BKN,Brooklyn Nets,0021300637,2014-01-24,BKN vs. DAL,W,240,107,37,73,0.507,10,27,0.37,23,28,0.821,5,30,35,24,6,5,15,29,1.0
22013,1610612749,MIL,Milwaukee Bucks,0021300638,2014-01-24,MIL @ CLE,L,240,78,30,74,0.405,7,24,0.292,11,14,0.786,8,26,34,20,6,9,15,20,-15.0
22013,1610612738,BOS,Boston Celtics,0021300636,2014-01-24,BOS vs. OKC,L,239,83,32,75,0.427,5,27,0.185,14,19,0.737,11,21,32,24,7,0,16,12,-18.0
22013,1610612739,CLE,Cleveland Cavaliers,0021300638,2014-01-24,CLE vs. MIL,W,238,93,37,88,0.42,4,14,0.286,15,23,0.652,21,31,52,28,9,5,12,18,15.0
22013,1610612765,DET,Detroit Pistons,0021300639,2014-01-24,DET vs. NOP,L,240,101,37,85,0.435,6,18,0.333,21,28,0.75,17,27,44,18,11,4,16,21,-2.0
22013,1612709889,TUL,Tulsa 66ers,2021300179,2014-01-24,TUL vs. SCW,L,240,99,34,89,0.382,6,28,0.214,25,36,0.694,18,35,53,19,8,4,15,26,-3.2
22013,1610612742,DAL,Dallas Mavericks,0021300637,2014-01-24,DAL @ BKN,L,242,106,34,78,0.436,10,20,0.5,28,33,0.848,15,28,43,22,6,0,15,21,-1.0
22013,1610612755,PHI,Philadelphia 76ers,0021300634,2014-01-24,PHI vs. TOR,L,238,95,38,89,0.427,6,20,0.3,13,16,0.813,10,32,42,23,8,2,10,18,-9.0
22013,1610612752,NYK,New York Knicks,0021300640,2014-01-24,NYK vs. CHA,W,240,125,50,90,0.556,14,27,0.519,11,11,1.0,12,30,42,23,7,4,4,19,29.0
22013,1610612753,ORL,Orlando Magic,0021300633,2014-01-24,ORL vs. LAL,W,240,114,39,81,0.481,9,17,0.529,27,34,0.794,8,43,51,24,10,3,15,20,9.0
22013,1610612760,OKC,Oklahoma City Thunder,0021300636,2014-01-24,OKC @ BOS,W,242,101,43,80,0.538,5,13,0.385,10,13,0.769,12,33,45,24,8,2,15,18,18.0
22013,1612709905,LAD,Los Angeles D-Fenders,2021300181,2014-01-24,LAD @ RNO,W,241,118,41,93,0.441,13,38,0.342,23,37,0.622,17,30,47,19,10,4,7,26,7.2
22013,1610612747,LAL,Los Angeles Lakers,0021300633,2014-01-24,LAL @ ORL,L,241,105,41,90,0.456,12,22,0.545,11,17,0.647,7,33,40,28,6,5,11,20,-9.0
22013,1610612766,CHA,Charlotte Bobcats,0021300640,2014-01-24,CHA @ NYK,L,239,96,37,76,0.487,10,24,0.417,12,14,0.857,6,25,31,23,1,3,11,11,-29.0
22013,1610612745,HOU,Houston Rockets,0021300642,2014-01-24,HOU vs. MEM,L,240,87,32,79,0.405,14,34,0.412,9,14,0.643,7,24,31,21,7,4,13,19,-1.0
22013,1610612761,TOR,Toronto Raptors,0021300634,2014-01-24,TOR @ PHI,W,241,104,40,84,0.476,8,20,0.4,16,22,0.727,13,40,53,28,4,6,15,22,9.0
22013,1610612756,PHX,Phoenix Suns,0021300643,2014-01-24,PHX vs. WAS,L,240,95,34,71,0.479,7,22,0.318,20,25,0.8,9,21,30,19,8,3,21,24,-6.0
22013,1610612746,LAC,Los Angeles Clippers,0021300641,2014-01-24,LAC @ CHI,W,242,112,41,76,0.539,13,21,0.619,17,26,0.654,10,30,40,26,4,2,7,17,17.0
22013,1612709917,SPG,Springfield Armor,2021300177,2014-01-24,SPG vs. FWN,L,239,108,40,73,0.548,8,21,0.381,20,25,0.8,8,24,32,16,4,1,19,19,-9.0
22013,1612709904,SXF,Sioux Falls Skyforce,2021300182,2014-01-24,SXF @ BAK,W,240,114,40,81,0.494,12,27,0.444,22,27,0.815,10,30,40,18,10,5,17,23,18.0
22013,1612709893,CTN,Canton Charge,2021300178,2014-01-24,CTN @ DEL,L,241,99,38,80,0.475,6,18,0.333,17,30,0.567,10,36,46,16,11,8,22,32,-10.0
22013,1610612737,ATL,Atlanta Hawks,0021300635,2014-01-24,ATL vs. SAS,L,240,79,29,76,0.382,2,13,0.154,19,27,0.704,9,27,36,18,13,6,17,17,-26.0
22013,1610612764,WAS,Washington Wizards,0021300643,2014-01-24,WAS @ PHX,W,240,101,39,86,0.453,6,16,0.375,17,23,0.739,19,25,44,22,13,7,17,24,6.0
22013,1612709910,FWN,Fort Wayne Mad Ants,2021300177,2014-01-24,FWN @ SPG,W,240,117,46,88,0.523,8,21,0.381,17,23,0.739,14,23,37,20,10,4,13,20,9.0
22013,1612709918,TEX,Texas Legends,2021300180,2014-01-24,TEX vs. RGV,W,239,146,52,93,0.559,10,32,0.313,32,36,0.889,17,30,47,33,8,4,11,22,25.0
22013,1610612750,MIN,Minnesota Timberwolves,0021300645,2014-01-24,MIN @ GSW,W,239,121,47,94,0.5,9,22,0.409,18,28,0.643,14,30,44,29,9,3,12,18,1.0
22013,1612709902,SCW,Santa Cruz Warriors,2021300179,2014-01-24,SCW @ TUL,W,240,102,35,80,0.438,4,15,0.267,28,34,0.824,7,31,38,14,10,8,13,23,3.0
22013,1610612744,GSW,Golden State Warriors,0021300645,2014-01-24,GSW vs. MIN,L,241,120,49,89,0.551,9,22,0.409,13,15,0.867,9,32,41,31,4,8,14,26,-1.0
22013,1610612754,IND,Indiana Pacers,0021300644,2014-01-24,IND @ SAC,W,265,116,41,95,0.432,8,24,0.333,26,33,0.788,14,35,49,25,10,9,12,24,5.0
22013,1610612759,SAS,San Antonio Spurs,0021300635,2014-01-24,SAS @ ATL,W,240,105,41,84,0.488,11,18,0.611,12,17,0.706,15,39,54,26,7,6,22,21,26.0
22013,1610612758,SAC,Sacramento Kings,0021300644,2014-01-24,SAC vs. IND,L,265,111,39,101,0.386,12,32,0.375,21,29,0.724,19,34,53,14,3,2,18,32,-5.0
22013,1610612740,NOP,New Orleans Pelicans,0021300639,2014-01-24,NOP @ DET,W,241,103,37,73,0.507,7,17,0.412,22,24,0.917,8,27,35,15,14,8,18,25,2.0
22013,1612709914,RNO,Reno Bighorns,2021300181,2014-01-24,RNO vs. LAD,L,240,111,38,73,0.521,7,18,0.389,28,40,0.7,11,41,52,21,5,5,18,25,-7.0
22013,1612709903,IDA,Idaho Stampede,2021300176,2014-01-23,IDA @ AUS,L,240,101,38,86,0.442,9,24,0.375,16,23,0.696,13,34,47,20,9,5,19,17,-1.0
22013,1612709890,AUS,Austin Toros,2021300176,2014-01-23,AUS vs. IDA,W,239,102,42,87,0.483,7,20,0.35,11,15,0.733,7,35,42,24,13,6,17,22,1.0
22013,1612709913,ERI,Erie BayHawks,2021300174,2014-01-23,ERI vs. SPG,W,240,100,42,81,0.519,8,18,0.444,8,12,0.667,6,37,43,22,5,10,17,23,6.4
22013,1610612743,DEN,Denver Nuggets,0021300632,2014-01-23,DEN @ POR,L,241,105,39,79,0.494,10,23,0.435,17,20,0.85,7,28,35,27,5,6,19,30,-5.0
22013,1610612757,POR,Portland Trail Blazers,0021300632,2014-01-23,POR vs. DEN,W,240,110,38,88,0.432,4,18,0.222,30,34,0.882,16,24,40,29,7,6,9,21,5.0
22013,1610612748,MIA,Miami Heat,0021300631,2014-01-23,MIA vs. LAL,W,239,109,45,78,0.577,8,20,0.4,11,23,0.478,12,36,48,25,7,4,18,23,7.0
22013,1610612747,LAL,Los Angeles Lakers,0021300631,2014-01-23,LAL @ MIA,L,240,102,40,88,0.455,9,25,0.36,13,21,0.619,13,22,35,21,12,1,11,17,-7.0
22013,1612709917,SPG,Springfield Armor,2021300174,2014-01-23,SPG @ ERI,L,239,94,34,86,0.395,2,13,0.154,24,34,0.706,15,32,47,11,10,4,14,20,-6.0
22013,1612709911,IWA,Iowa Energy,2021300175,2014-01-23,IWA vs. MNE,W,239,98,35,87,0.402,10,23,0.435,18,27,0.667,12,35,47,18,6,5,13,20,4.0
22013,1612709915,MNE,Maine Red Claws,2021300175,2014-01-23,MNE @ IWA,L,240,94,33,82,0.402,6,24,0.25,22,29,0.759,11,41,52,16,4,9,17,20,-4.0
22013,1610612745,HOU,Houston Rockets,0021300627,2014-01-22,HOU vs. SAC,W,240,119,43,90,0.478,8,31,0.258,25,40,0.625,14,41,55,29,8,9,10,21,21.0
22013,1610612760,OKC,Oklahoma City Thunder,0021300630,2014-01-22,OKC @ SAS,W,240,111,45,83,0.542,10,18,0.556,11,16,0.688,11,27,38,21,8,7,15,25,6.0
22013,1610612742,DAL,Dallas Mavericks,0021300624,2014-01-22,DAL @ TOR,L,239,85,34,73,0.466,7,20,0.35,10,14,0.714,7,26,33,22,5,1,21,24,-8.0
22013,1610612764,WAS,Washington Wizards,0021300625,2014-01-22,WAS vs. BOS,L,264,111,42,94,0.447,7,22,0.318,20,27,0.741,12,38,50,23,10,4,18,23,-2.0
22013,1612709903,IDA,Idaho Stampede,2021300173,2014-01-22,IDA @ RGV,L,241,120,51,99,0.515,7,26,0.269,11,15,0.733,13,34,47,16,8,10,16,20,-5.0
22013,1610612758,SAC,Sacramento Kings,0021300627,2014-01-22,SAC @ HOU,L,240,98,34,86,0.395,12,30,0.4,18,30,0.6,11,31,42,19,5,6,13,26,-21.0
22013,1610612741,CHI,Chicago Bulls,0021300622,2014-01-22,CHI @ CLE,W,240,98,37,70,0.529,10,21,0.476,14,18,0.778,7,36,43,24,5,8,10,19,11.0
22013,1610612761,TOR,Toronto Raptors,0021300624,2014-01-22,TOR vs. DAL,W,241,93,32,76,0.421,7,23,0.304,22,32,0.688,9,31,40,20,11,1,13,19,8.0
22013,1612709893,CTN,Canton Charge,2021300172,2014-01-22,CTN vs. FWN,W,239,120,47,77,0.61,9,20,0.45,17,21,0.81,5,33,38,25,10,3,17,29,21.0
22013,1610612746,LAC,Los Angeles Clippers,0021300621,2014-01-22,LAC @ CHA,L,240,91,39,90,0.433,6,26,0.231,7,9,0.778,10,33,43,24,5,4,13,19,-4.0
22013,1610612737,ATL,Atlanta Hawks,0021300623,2014-01-22,ATL @ ORL,W,239,112,41,83,0.494,9,25,0.36,21,24,0.875,8,34,42,26,11,7,17,13,3.0
22013,1610612738,BOS,Boston Celtics,0021300625,2014-01-22,BOS @ WAS,W,266,113,41,89,0.461,15,34,0.441,16,23,0.696,5,37,42,21,15,8,18,22,2.0
22013,1610612752,NYK,New York Knicks,0021300626,2014-01-22,NYK vs. PHI,L,240,106,37,82,0.451,15,33,0.455,17,24,0.708,8,31,39,24,7,12,13,24,-4.0
22013,1612709908,RGV,Rio Grande Valley Vipers,2021300173,2014-01-22,RGV vs. IDA,W,240,125,46,93,0.495,16,41,0.39,17,23,0.739,12,34,46,28,10,5,20,17,5.0
22013,1610612755,PHI,Philadelphia 76ers,0021300626,2014-01-22,PHI @ NYK,W,240,110,42,88,0.477,9,14,0.643,17,24,0.708,17,37,54,28,8,4,14,24,4.0
22013,1610612759,SAS,San Antonio Spurs,0021300630,2014-01-22,SAS vs. OKC,L,239,105,40,75,0.533,10,22,0.455,15,22,0.682,8,22,30,25,10,3,17,17,-6.0
22013,1610612765,DET,Detroit Pistons,0021300628,2014-01-22,DET @ MIL,L,240,101,36,84,0.429,4,15,0.267,25,34,0.735,9,31,40,21,11,4,14,15,-3.0
22013,1610612753,ORL,Orlando Magic,0021300623,2014-01-22,ORL vs. ATL,L,241,109,41,83,0.494,6,12,0.5,21,24,0.875,6,27,33,24,7,1,14,23,-3.0
22013,1610612756,PHX,Phoenix Suns,0021300629,2014-01-22,PHX vs. IND,W,239,124,45,83,0.542,11,16,0.688,23,32,0.719,7,28,35,15,9,0,9,23,24.0
22013,1612709910,FWN,Fort Wayne Mad Ants,2021300172,2014-01-22,FWN @ CTN,L,240,99,31,76,0.408,3,17,0.176,34,39,0.872,9,24,33,14,11,3,14,19,-21.0
22013,1610612749,MIL,Milwaukee Bucks,0021300628,2014-01-22,MIL vs. DET,W,240,104,41,84,0.488,8,27,0.296,14,22,0.636,12,33,45,29,11,7,18,24,3.0
22013,1610612766,CHA,Charlotte Bobcats,0021300621,2014-01-22,CHA vs. LAC,W,240,95,39,84,0.464,5,15,0.333,12,20,0.6,7,34,41,22,6,6,10,17,4.0
22013,1610612754,IND,Indiana Pacers,0021300629,2014-01-22,IND @ PHX,L,239,100,38,75,0.507,5,15,0.333,19,28,0.679,10,29,39,14,6,4,20,28,-24.0
22013,1610612739,CLE,Cleveland Cavaliers,0021300622,2014-01-22,CLE vs. CHI,L,240,87,33,88,0.375,8,19,0.421,13,18,0.722,19,22,41,23,7,2,9,18,-11.0
22013,1610612750,MIN,Minnesota Timberwolves,0021300620,2014-01-21,MIN @ UTA,W,238,112,41,90,0.456,8,21,0.381,22,24,0.917,8,34,42,31,8,2,8,19,15.0
22013,1610612738,BOS,Boston Celtics,0021300617,2014-01-21,BOS @ MIA,L,240,86,33,84,0.393,5,27,0.185,15,18,0.833,17,29,46,17,8,3,16,19,-7.0
22013,1610612740,NOP,New Orleans Pelicans,0021300618,2014-01-21,NOP vs. SAC,L,239,97,33,69,0.478,5,11,0.455,26,38,0.684,9,26,35,18,8,7,14,28,-17.0
22013,1610612753,ORL,Orlando Magic,0021300616,2014-01-21,ORL @ BKN,L,240,90,33,72,0.458,7,19,0.368,17,23,0.739,6,31,37,23,5,2,13,14,-11.0
22013,1610612760,OKC,Oklahoma City Thunder,0021300619,2014-01-21,OKC vs. POR,W,241,105,42,87,0.483,10,15,0.667,11,17,0.647,15,30,45,16,3,8,7,14,8.0
22013,1612709904,SXF,Sioux Falls Skyforce,2021300171,2014-01-21,SXF @ SCW,L,239,90,33,69,0.478,12,32,0.375,12,20,0.6,5,24,29,19,9,4,17,16,-9.0
22013,1610612758,SAC,Sacramento Kings,0021300618,2014-01-21,SAC @ NOP,W,239,114,42,82,0.512,9,21,0.429,21,31,0.677,15,31,46,25,7,10,12,25,17.0
22013,1610612762,UTA,Utah Jazz,0021300620,2014-01-21,UTA vs. MIN,L,239,97,41,87,0.471,5,17,0.294,10,12,0.833,7,34,41,22,5,6,13,23,-15.0
22013,1612709902,SCW,Santa Cruz Warriors,2021300171,2014-01-21,SCW vs. SXF,W,240,99,38,82,0.463,6,18,0.333,17,20,0.85,18,31,49,21,6,3,16,18,9.0
22013,1610612757,POR,Portland Trail Blazers,0021300619,2014-01-21,POR @ OKC,L,239,97,40,86,0.465,7,19,0.368,10,16,0.625,13,32,45,23,4,5,9,12,-8.0
22013,1610612751,BKN,Brooklyn Nets,0021300616,2014-01-21,BKN vs. ORL,W,240,101,40,81,0.494,10,28,0.357,11,13,0.846,6,30,36,29,9,5,8,16,11.0
22013,1610612748,MIA,Miami Heat,0021300617,2014-01-21,MIA vs. BOS,W,240,93,38,74,0.514,5,20,0.25,12,16,0.75,7,26,33,22,7,5,14,18,7.0
22013,1610612745,HOU,Houston Rockets,0021300614,2014-01-20,HOU vs. POR,W,241,126,45,86,0.523,16,33,0.485,20,24,0.833,17,35,52,27,5,3,18,18,13.0
22013,1610612748,MIA,Miami Heat,0021300612,2014-01-20,MIA @ ATL,L,239,114,38,78,0.487,15,33,0.455,23,28,0.821,8,29,37,28,9,2,17,26,-7.0
22013,1612709905,LAD,Los Angeles D-Fenders,2021300169,2014-01-20,LAD vs. RNO,L,238,111,42,100,0.42,7,24,0.292,20,30,0.667,17,25,42,23,12,4,9,22,-12.0
22013,1612709914,RNO,Reno Bighorns,2021300169,2014-01-20,RNO @ LAD,W,240,123,50,87,0.575,9,19,0.474,14,24,0.583,16,45,61,34,7,5,23,23,12.0
22013,1610612747,LAL,Los Angeles Lakers,0021300613,2014-01-20,LAL @ CHI,L,266,100,35,83,0.422,8,25,0.32,22,26,0.846,9,38,47,22,11,9,21,20,-2.0
22013,1610612739,CLE,Cleveland Cavaliers,0021300606,2014-01-20,CLE vs. DAL,L,240,97,33,81,0.407,5,23,0.217,26,33,0.788,14,32,46,21,5,1,13,24,-5.0
22013,1610612765,DET,Detroit Pistons,0021300607,2014-01-20,DET vs. LAC,L,239,103,40,79,0.506,2,14,0.143,21,29,0.724,8,22,30,17,10,4,12,28,-9.0
22013,1610612757,POR,Portland Trail Blazers,0021300614,2014-01-20,POR @ HOU,L,243,113,44,97,0.454,8,25,0.32,17,22,0.773,14,23,37,21,12,3,11,23,-13.0
22013,1612709909,DEL,Delaware 87ers,2021300167,2014-01-20,DEL @ ERI,W,240,124,45,91,0.495,7,22,0.318,27,38,0.711,20,34,54,20,6,6,17,25,9.0
22013,1610612740,NOP,New Orleans Pelicans,0021300611,2014-01-20,NOP @ MEM,W,241,95,35,77,0.455,5,9,0.556,20,23,0.87,9,25,34,21,10,8,10,22,3.0
22013,1612709908,RGV,Rio Grande Valley Vipers,2021300170,2014-01-20,RGV vs. AUS,W,241,136,42,98,0.429,21,43,0.488,31,38,0.816,24,26,50,23,2,4,16,22,3.0
22013,1610612737,ATL,Atlanta Hawks,0021300612,2014-01-20,ATL vs. MIA,W,241,121,42,81,0.519,12,31,0.387,25,27,0.926,7,31,38,33,8,1,13,26,7.0
22013,1610612766,CHA,Charlotte Bobcats,0021300608,2014-01-20,CHA vs. TOR,W,240,100,32,65,0.492,9,16,0.563,27,33,0.818,2,38,40,28,6,5,13,9,5.0
22013,1610612761,TOR,Toronto Raptors,0021300608,2014-01-20,TOR @ CHA,L,240,95,39,95,0.411,10,29,0.345,7,10,0.7,17,34,51,19,8,3,12,24,-5.0
22013,1610612764,WAS,Washington Wizards,0021300609,2014-01-20,WAS vs. PHI,W,240,107,37,84,0.44,5,18,0.278,28,35,0.8,10,43,53,25,5,12,16,28,8.0
22013,1610612742,DAL,Dallas Mavericks,0021300606,2014-01-20,DAL @ CLE,W,241,102,38,83,0.458,4,20,0.2,22,28,0.786,8,31,39,22,7,3,8,25,5.0
22013,1612709913,ERI,Erie BayHawks,2021300167,2014-01-20,ERI vs. DEL,L,239,115,41,84,0.488,9,27,0.333,24,28,0.857,6,27,33,28,10,5,16,22,-9.0
22013,1610612752,NYK,New York Knicks,0021300610,2014-01-20,NYK vs. BKN,L,239,80,24,71,0.338,8,25,0.32,24,37,0.649,14,31,45,13,4,3,16,17,-23.0
22013,1610612746,LAC,Los Angeles Clippers,0021300607,2014-01-20,LAC @ DET,W,240,112,40,72,0.556,9,21,0.429,23,37,0.622,15,29,44,27,7,7,18,19,9.0
22013,1610612744,GSW,Golden State Warriors,0021300615,2014-01-20,GSW vs. IND,L,240,94,35,86,0.407,10,30,0.333,14,20,0.7,13,32,45,21,7,2,15,22,-8.0
22013,1610612755,PHI,Philadelphia 76ers,0021300609,2014-01-20,PHI @ WAS,L,240,99,37,88,0.42,4,18,0.222,21,31,0.677,8,36,44,15,8,3,13,25,-8.0
22013,1610612741,CHI,Chicago Bulls,0021300613,2014-01-20,CHI vs. LAL,W,265,102,39,102,0.382,7,21,0.333,17,24,0.708,19,36,55,26,13,5,15,18,2.0
22013,1610612754,IND,Indiana Pacers,0021300615,2014-01-20,IND @ GSW,W,241,102,41,91,0.451,8,19,0.421,12,15,0.8,17,35,52,19,7,5,14,19,8.0
22013,1610612751,BKN,Brooklyn Nets,0021300610,2014-01-20,BKN @ NYK,W,239,103,37,75,0.493,14,38,0.368,15,20,0.75,8,37,45,25,11,4,14,27,23.0
22013,1612709893,CTN,Canton Charge,2021300168,2014-01-20,CTN vs. MNE,W,240,99,39,90,0.433,4,13,0.308,17,26,0.654,20,27,47,19,12,0,12,24,5.0
22013,1610612763,MEM,Memphis Grizzlies,0021300611,2014-01-20,MEM vs. NOP,L,241,92,31,74,0.419,7,19,0.368,23,28,0.821,14,30,44,16,2,5,17,20,-3.0
22013,1612709890,AUS,Austin Toros,2021300170,2014-01-20,AUS @ RGV,L,239,133,51,92,0.554,11,21,0.524,20,28,0.714,12,29,41,25,12,13,12,26,-3.0
22013,1612709915,MNE,Maine Red Claws,2021300168,2014-01-20,MNE @ CTN,L,241,94,34,64,0.531,11,30,0.367,15,25,0.6,3,32,35,21,6,8,21,27,-5.0
22013,1612709917,SPG,Springfield Armor,2021300165,2014-01-19,SPG vs. CTN,L,239,105,37,80,0.463,6,17,0.353,25,36,0.694,11,21,32,15,7,2,10,18,-13.0
22013,1610612761,TOR,Toronto Raptors,0021300601,2014-01-19,TOR vs. LAL,L,239,106,44,90,0.489,9,30,0.3,9,11,0.818,13,34,47,30,6,4,13,21,-6.0
22013,1612709911,IWA,Iowa Energy,2021300166,2014-01-19,IWA @ FWN,L,239,109,35,79,0.443,11,25,0.44,28,35,0.8,13,30,43,15,8,2,16,27,-2.0
22013,1610612760,OKC,Oklahoma City Thunder,0021300603,2014-01-19,OKC vs. SAC,W,240,108,39,86,0.453,9,21,0.429,21,30,0.7,17,28,45,23,13,4,16,24,15.0
22013,1610612749,MIL,Milwaukee Bucks,0021300604,2014-01-19,MIL @ SAS,L,239,82,33,88,0.375,6,21,0.286,10,17,0.588,10,27,37,19,10,6,8,18,-28.0
22013,1610612747,LAL,Los Angeles Lakers,0021300601,2014-01-19,LAL @ TOR,W,241,112,37,80,0.463,12,22,0.545,26,28,0.929,6,25,31,20,6,2,9,13,6.0
22013,1612709893,CTN,Canton Charge,2021300165,2014-01-19,CTN @ SPG,W,238,118,43,76,0.566,9,22,0.409,23,31,0.742,11,32,43,18,3,3,14,22,13.0
22013,1610612759,SAS,San Antonio Spurs,0021300604,2014-01-19,SAS vs. MIL,W,241,110,43,76,0.566,11,18,0.611,13,21,0.619,7,48,55,28,6,8,15,16,28.0
22013,1610612738,BOS,Boston Celtics,0021300602,2014-01-19,BOS @ ORL,L,240,91,33,90,0.367,3,13,0.231,22,24,0.917,15,31,46,16,7,5,10,25,-2.0
22013,1610612758,SAC,Sacramento Kings,0021300603,2014-01-19,SAC @ OKC,L,241,93,33,77,0.429,5,17,0.294,22,28,0.786,14,30,44,17,7,6,20,22,-15.0
22013,1612709910,FWN,Fort Wayne Mad Ants,2021300166,2014-01-19,FWN vs. IWA,W,239,111,44,96,0.458,5,17,0.294,18,27,0.667,20,34,54,16,7,4,15,23,2.0
22013,1610612753,ORL,Orlando Magic,0021300602,2014-01-19,ORL vs. BOS,W,241,93,30,71,0.423,4,15,0.267,29,36,0.806,11,38,49,20,6,5,17,18,2.0
22013,1610612743,DEN,Denver Nuggets,0021300605,2014-01-19,DEN @ PHX,L,241,103,36,82,0.439,9,28,0.321,22,30,0.733,10,32,42,18,5,0,10,23,-14.0
22013,1610612756,PHX,Phoenix Suns,0021300605,2014-01-19,PHX vs. DEN,W,240,117,46,91,0.505,8,19,0.421,17,26,0.654,14,34,48,23,6,5,10,20,14.0
22013,1610612748,MIA,Miami Heat,0021300593,2014-01-18,MIA @ CHA,W,264,104,39,79,0.494,7,21,0.333,19,29,0.655,8,35,43,16,5,5,12,23,8.0
22013,1612709915,MNE,Maine Red Claws,2021300158,2014-01-18,MNE vs. ERI,W,239,115,45,91,0.495,11,27,0.407,14,18,0.778,15,32,47,23,0,8,9,20,22.6
22013,1610612741,CHI,Chicago Bulls,0021300596,2014-01-18,CHI vs. PHI,W,240,103,40,82,0.488,6,20,0.3,17,20,0.85,11,41,52,27,10,10,16,15,25.0
22013,1610612745,HOU,Houston Rockets,0021300597,2014-01-18,HOU vs. MIL,W,240,114,41,85,0.482,7,27,0.259,25,37,0.676,13,33,46,20,11,4,11,19,10.0
22013,1612709913,ERI,Erie BayHawks,2021300158,2014-01-18,ERI @ MNE,L,240,92,35,78,0.449,5,18,0.278,17,22,0.773,8,24,32,14,0,8,13,20,-23.0
22013,1610612742,DAL,Dallas Mavericks,0021300600,2014-01-18,DAL vs. POR,L,240,111,42,90,0.467,7,18,0.389,20,25,0.8,4,26,30,15,5,3,8,23,-16.0
22013,1612709902,SCW,Santa Cruz Warriors,2021300162,2014-01-18,SCW @ IDA,L,255,118,45,95,0.474,13,29,0.448,15,21,0.714,17,43,60,21,3,0,15,24,-1.0
22013,1612709918,TEX,Texas Legends,2021300161,2014-01-18,TEX vs. AUS,W,240,109,42,81,0.519,8,19,0.421,17,23,0.739,9,34,43,22,11,7,17,16,9.4
22013,1612709903,IDA,Idaho Stampede,2021300162,2014-01-18,IDA vs. SCW,W,255,119,40,91,0.44,18,41,0.439,21,31,0.677,11,35,46,24,8,5,9,21,1.0
22013,1612709890,AUS,Austin Toros,2021300161,2014-01-18,AUS @ TEX,L,239,99,40,94,0.426,5,18,0.278,14,21,0.667,18,30,48,20,8,2,16,17,-10.0
22013,1612709889,TUL,Tulsa 66ers,2021300163,2014-01-18,TUL @ LAD,W,240,128,50,95,0.526,7,18,0.389,21,28,0.75,15,43,58,26,7,5,16,14,16.0
22013,1612709909,DEL,Delaware 87ers,2021300160,2014-01-18,DEL @ SXF,L,240,103,37,89,0.416,6,23,0.261,23,37,0.622,23,35,58,16,5,3,23,22,-14.0
22013,1610612749,MIL,Milwaukee Bucks,0021300597,2014-01-18,MIL @ HOU,L,239,104,40,80,0.5,11,23,0.478,13,21,0.619,11,29,40,23,6,9,19,24,-10.0
22013,1612709900,BAK,Bakersfield Jam,2021300164,2014-01-18,BAK @ RNO,L,242,93,33,75,0.44,10,23,0.435,17,20,0.85,11,18,29,15,4,4,20,23,-25.0
22013,1612709911,IWA,Iowa Energy,2021300159,2014-01-18,IWA vs. FWN,L,240,131,48,91,0.527,12,31,0.387,23,37,0.622,12,28,40,21,8,2,20,23,-11.0
22013,1610612755,PHI,Philadelphia 76ers,0021300596,2014-01-18,PHI @ CHI,L,239,78,34,97,0.351,2,19,0.105,8,12,0.667,16,26,42,17,9,5,17,20,-25.0
22013,1612709905,LAD,Los Angeles D-Fenders,2021300163,2014-01-18,LAD vs. TUL,L,241,112,44,102,0.431,13,41,0.317,11,14,0.786,8,31,39,31,11,3,10,22,-16.0
22013,1610612757,POR,Portland Trail Blazers,0021300600,2014-01-18,POR @ DAL,W,239,127,46,90,0.511,9,26,0.346,26,28,0.929,14,41,55,26,6,4,15,20,16.0
22013,1610612740,NOP,New Orleans Pelicans,0021300599,2014-01-18,NOP vs. GSW,L,241,87,32,83,0.386,2,11,0.182,21,28,0.75,15,32,47,18,4,5,13,17,-10.0
22013,1610612765,DET,Detroit Pistons,0021300595,2014-01-18,DET @ WAS,W,239,104,40,81,0.494,6,21,0.286,18,31,0.581,11,33,44,17,9,3,14,24,6.0
22013,1610612762,UTA,Utah Jazz,0021300598,2014-01-18,UTA @ MIN,L,240,72,21,73,0.288,7,25,0.28,23,29,0.793,7,35,42,12,10,9,16,25,-26.0
22013,1612709910,FWN,Fort Wayne Mad Ants,2021300159,2014-01-18,FWN @ IWA,W,240,142,53,94,0.564,7,18,0.389,29,32,0.906,14,28,42,25,13,6,16,28,11.0
22013,1612709914,RNO,Reno Bighorns,2021300164,2014-01-18,RNO vs. BAK,W,240,118,44,79,0.557,8,16,0.5,22,31,0.71,17,24,41,23,7,3,13,23,25.6
22013,1610612766,CHA,Charlotte Bobcats,0021300593,2014-01-18,CHA vs. MIA,L,265,96,36,75,0.48,7,17,0.412,17,23,0.739,4,30,34,31,6,6,13,23,-8.0
22013,1610612754,IND,Indiana Pacers,0021300594,2014-01-18,IND vs. LAC,W,239,106,38,83,0.458,9,19,0.474,21,22,0.955,13,35,48,17,5,8,12,25,18.0
22013,1612709904,SXF,Sioux Falls Skyforce,2021300160,2014-01-18,SXF vs. DEL,W,239,117,43,86,0.5,14,34,0.412,17,21,0.81,8,28,36,28,10,5,12,29,14.0
22013,1610612764,WAS,Washington Wizards,0021300595,2014-01-18,WAS vs. DET,L,239,98,37,76,0.487,8,21,0.381,16,29,0.552,6,29,35,22,7,1,19,26,-6.0
22013,1610612750,MIN,Minnesota Timberwolves,0021300598,2014-01-18,MIN vs. UTA,W,241,98,36,83,0.434,6,17,0.353,20,34,0.588,14,46,60,25,10,4,15,24,26.0
22013,1610612746,LAC,Los Angeles Clippers,0021300594,2014-01-18,LAC @ IND,L,239,92,33,83,0.398,5,20,0.25,21,24,0.875,9,30,39,17,3,4,12,18,-18.0
22013,1610612744,GSW,Golden State Warriors,0021300599,2014-01-18,GSW @ NOP,W,241,97,37,84,0.44,6,22,0.273,17,19,0.895,10,33,43,17,7,11,8,20,10.0
22013,1610612743,DEN,Denver Nuggets,0021300590,2014-01-17,DEN vs. CLE,L,239,109,40,92,0.435,14,37,0.378,15,19,0.789,13,28,41,28,6,9,13,28,-8.0
22013,1610612738,BOS,Boston Celtics,0021300586,2014-01-17,BOS vs. LAL,L,240,104,44,99,0.444,7,23,0.304,9,11,0.818,13,29,42,34,12,6,7,19,-3.0
22013,1610612756,PHX,Phoenix Suns,0021300591,2014-01-17,PHX vs. DAL,L,241,107,42,93,0.452,7,22,0.318,16,21,0.762,17,30,47,19,7,1,13,17,-3.0
22013,1610612762,UTA,Utah Jazz,0021300587,2014-01-17,UTA @ DET,W,240,110,43,79,0.544,9,22,0.409,15,19,0.789,10,33,43,27,7,5,18,22,21.0
22013,1610612757,POR,Portland Trail Blazers,0021300589,2014-01-17,POR @ SAS,W,240,109,41,86,0.477,8,16,0.5,19,20,0.95,8,39,47,21,3,4,11,23,9.0
22013,1612709909,DEL,Delaware 87ers,2021300154,2014-01-17,DEL @ SXF,L,240,93,37,76,0.487,5,13,0.385,14,20,0.7,7,40,47,22,4,5,30,26,-7.0
22013,1610612750,MIN,Minnesota Timberwolves,0021300584,2014-01-17,MIN @ TOR,L,240,89,36,82,0.439,3,18,0.167,14,20,0.7,12,32,44,16,4,3,10,21,-5.0
22013,1610612739,CLE,Cleveland Cavaliers,0021300590,2014-01-17,CLE @ DEN,W,240,117,42,88,0.477,5,16,0.313,28,35,0.8,16,33,49,21,8,6,11,19,8.0
22013,1610612753,ORL,Orlando Magic,0021300582,2014-01-17,ORL vs. CHA,L,240,101,38,82,0.463,10,25,0.4,15,21,0.714,6,32,38,25,5,6,14,22,-10.0
22013,1612709904,SXF,Sioux Falls Skyforce,2021300154,2014-01-17,SXF vs. DEL,W,241,100,33,86,0.384,8,37,0.216,26,32,0.813,10,31,41,21,16,5,16,16,7.0
22013,1610612741,CHI,Chicago Bulls,0021300585,2014-01-17,CHI @ WAS,L,240,93,35,76,0.461,9,24,0.375,14,16,0.875,7,27,34,24,8,5,15,15,-3.0
22013,1610612744,GSW,Golden State Warriors,0021300592,2014-01-17,GSW @ OKC,L,241,121,43,82,0.524,16,27,0.593,19,34,0.559,12,21,33,22,10,1,17,29,-6.0
22013,1610612763,MEM,Memphis Grizzlies,0021300588,2014-01-17,MEM vs. SAC,W,241,91,36,78,0.462,6,17,0.353,13,18,0.722,4,33,37,18,8,13,10,23,1.0
22013,1610612761,TOR,Toronto Raptors,0021300584,2014-01-17,TOR vs. MIN,W,238,94,34,78,0.436,11,24,0.458,15,20,0.75,12,31,43,26,6,2,11,21,5.0
22013,1612709900,BAK,Bakersfield Jam,2021300157,2014-01-17,BAK vs. TUL,L,238,110,40,85,0.471,8,27,0.296,22,29,0.759,10,30,40,25,6,2,19,22,-4.0
22013,1610612755,PHI,Philadelphia 76ers,0021300583,2014-01-17,PHI vs. MIA,L,240,86,31,84,0.369,2,20,0.1,22,37,0.595,19,26,45,16,11,4,23,18,-15.0
22013,1612709908,RGV,Rio Grande Valley Vipers,2021300155,2014-01-17,RGV vs. TEX,W,240,115,43,103,0.417,15,48,0.313,14,24,0.583,21,33,54,28,13,2,16,21,6.0
22013,1610612746,LAC,Los Angeles Clippers,0021300581,2014-01-17,LAC @ NYK,W,240,109,33,78,0.423,8,30,0.267,35,42,0.833,8,36,44,17,9,4,11,27,14.0
22013,1612709917,SPG,Springfield Armor,2021300153,2014-01-17,SPG vs. CTN,W,241,110,41,81,0.506,5,18,0.278,23,30,0.767,9,21,30,15,11,6,11,18,7.0
22013,1610612758,SAC,Sacramento Kings,0021300588,2014-01-17,SAC @ MEM,L,240,90,33,81,0.407,5,11,0.455,19,23,0.826,10,33,43,17,4,2,14,16,-1.0
22013,1610612752,NYK,New York Knicks,0021300581,2014-01-17,NYK vs. LAC,L,240,95,29,83,0.349,7,23,0.304,30,36,0.833,20,35,55,20,2,1,18,32,-14.0
22013,1612709893,CTN,Canton Charge,2021300153,2014-01-17,CTN @ SPG,L,241,103,41,81,0.506,4,14,0.286,17,21,0.81,13,24,37,15,11,3,16,20,-7.0
22013,1610612742,DAL,Dallas Mavericks,0021300591,2014-01-17,DAL @ PHX,W,241,110,44,83,0.53,9,24,0.375,13,19,0.684,7,37,44,22,8,4,16,21,3.0
22013,1612709914,RNO,Reno Bighorns,2021300156,2014-01-17,RNO vs. LAD,L,239,118,44,87,0.506,10,21,0.476,20,28,0.714,15,29,44,20,7,5,14,19,-13.0
22013,1612709889,TUL,Tulsa 66ers,2021300157,2014-01-17,TUL @ BAK,W,239,114,45,88,0.511,7,23,0.304,17,27,0.63,14,32,46,27,13,5,18,25,4.0
22013,1610612748,MIA,Miami Heat,0021300583,2014-01-17,MIA @ PHI,W,239,101,38,80,0.475,8,23,0.348,17,20,0.85,12,26,38,30,13,12,17,25,15.0
22013,1612709905,LAD,Los Angeles D-Fenders,2021300156,2014-01-17,LAD @ RNO,W,240,131,49,88,0.557,19,40,0.475,14,23,0.609,10,20,30,29,10,7,11,20,13.0
22013,1610612764,WAS,Washington Wizards,0021300585,2014-01-17,WAS vs. CHI,W,241,96,40,79,0.506,6,11,0.545,10,13,0.769,8,28,36,27,9,8,16,17,3.0
22013,1610612747,LAL,Los Angeles Lakers,0021300586,2014-01-17,LAL @ BOS,W,239,107,37,74,0.5,12,20,0.6,21,28,0.75,8,38,46,27,3,4,19,13,3.0
22013,1612709918,TEX,Texas Legends,2021300155,2014-01-17,TEX @ RGV,L,241,109,41,88,0.466,9,26,0.346,18,24,0.75,15,36,51,20,5,7,19,22,-6.0
22013,1610612765,DET,Detroit Pistons,0021300587,2014-01-17,DET vs. UTA,L,240,89,32,74,0.432,4,16,0.25,21,31,0.677,8,24,32,15,5,3,15,19,-21.0
22013,1610612760,OKC,Oklahoma City Thunder,0021300592,2014-01-17,OKC vs. GSW,W,241,127,47,81,0.58,9,22,0.409,24,33,0.727,12,29,41,23,13,4,17,26,6.0
22013,1610612766,CHA,Charlotte Bobcats,0021300582,2014-01-17,CHA @ ORL,W,240,111,39,74,0.527,7,15,0.467,26,35,0.743,4,32,36,25,6,6,12,15,10.0
22013,1610612759,SAS,San Antonio Spurs,0021300589,2014-01-17,SAS vs. POR,L,241,100,38,84,0.452,8,20,0.4,16,20,0.8,7,34,41,21,7,3,12,17,-9.0
22013,1610612752,NYK,New York Knicks,0021300578,2014-01-16,NYK @ IND,L,239,89,34,85,0.4,4,19,0.211,17,22,0.773,12,34,46,16,2,6,12,22,-28.0
22013,1610612751,BKN,Brooklyn Nets,0021300579,2014-01-16,BKN @ ATL,W,239,127,53,91,0.582,16,27,0.593,5,7,0.714,12,28,40,38,7,4,17,21,17.0
22013,1610612754,IND,Indiana Pacers,0021300578,2014-01-16,IND vs. NYK,W,240,117,43,86,0.5,10,23,0.435,21,23,0.913,7,36,43,26,3,6,5,19,28.0
22013,1612709913,ERI,Erie BayHawks,2021300152,2014-01-16,ERI vs. FWN,L,239,98,34,71,0.479,5,17,0.294,25,34,0.735,7,30,37,19,11,4,21,17,-18.0
22013,1610612737,ATL,Atlanta Hawks,0021300579,2014-01-16,ATL vs. BKN,L,240,110,40,81,0.494,8,25,0.32,22,22,1.0,7,21,28,26,10,7,15,12,-17.0
22013,1612709910,FWN,Fort Wayne Mad Ants,2021300152,2014-01-16,FWN @ ERI,W,240,116,45,91,0.495,11,20,0.55,15,21,0.714,12,32,44,22,14,3,14,26,18.0
22013,1610612760,OKC,Oklahoma City Thunder,0021300580,2014-01-16,OKC @ HOU,W,240,104,38,82,0.463,6,25,0.24,22,25,0.88,10,37,47,18,11,8,15,26,12.0
22013,1610612745,HOU,Houston Rockets,0021300580,2014-01-16,HOU vs. OKC,L,241,92,33,82,0.402,12,34,0.353,14,21,0.667,10,32,42,20,4,5,17,20,-12.0
22013,1610612758,SAC,Sacramento Kings,0021300571,2014-01-15,SAC @ MIN,W,238,111,45,82,0.549,5,12,0.417,16,19,0.842,9,36,45,19,6,4,19,22,3.0
22013,1610612750,MIN,Minnesota Timberwolves,0021300571,2014-01-15,MIN vs. SAC,L,240,108,39,88,0.443,8,20,0.4,22,29,0.759,9,26,35,23,11,4,12,23,-3.0
22013,1610612743,DEN,Denver Nuggets,0021300576,2014-01-15,DEN @ GSW,W,240,123,45,83,0.542,12,24,0.5,21,29,0.724,9,37,46,22,9,6,16,27,7.0
22013,1612709917,SPG,Springfield Armor,2021300151,2014-01-15,SPG @ ERI,L,240,112,43,89,0.483,13,21,0.619,13,18,0.722,10,27,37,13,5,3,14,20,-12.0
22013,1610612741,CHI,Chicago Bulls,0021300566,2014-01-15,CHI @ ORL,W,316,128,48,113,0.425,12,33,0.364,20,23,0.87,18,41,59,31,9,6,17,22,3.0
22013,1610612762,UTA,Utah Jazz,0021300573,2014-01-15,UTA @ SAS,L,240,105,44,89,0.494,4,8,0.5,13,19,0.684,11,32,43,23,6,1,10,20,-4.0
22013,1610612748,MIA,Miami Heat,0021300568,2014-01-15,MIA @ WAS,L,240,97,37,84,0.44,7,25,0.28,16,17,0.941,9,26,35,22,6,1,12,19,-17.0
22013,1610612739,CLE,Cleveland Cavaliers,0021300575,2014-01-15,CLE @ POR,L,241,96,39,89,0.438,6,23,0.261,12,18,0.667,10,32,42,17,9,2,12,21,-12.0
22013,1610612745,HOU,Houston Rockets,0021300572,2014-01-15,HOU @ NOP,W,240,103,37,72,0.514,4,13,0.308,25,41,0.61,8,30,38,18,9,14,13,28,3.0
22013,1610612746,LAC,Los Angeles Clippers,0021300577,2014-01-15,LAC vs. DAL,W,239,129,42,83,0.506,17,34,0.5,28,37,0.757,11,27,38,34,6,4,12,17,2.0
22013,1610612763,MEM,Memphis Grizzlies,0021300570,2014-01-15,MEM @ MIL,W,238,82,33,82,0.402,5,20,0.25,11,18,0.611,11,32,43,20,7,10,9,17,5.0
22013,1610612738,BOS,Boston Celtics,0021300569,2014-01-15,BOS vs. TOR,W,241,88,29,84,0.345,4,17,0.235,26,36,0.722,19,39,58,22,7,3,9,22,5.0
22013,1610612766,CHA,Charlotte Bobcats,0021300567,2014-01-15,CHA @ PHI,L,241,92,35,88,0.398,5,20,0.25,17,26,0.654,8,34,42,25,10,6,13,20,-3.0
22013,1610612757,POR,Portland Trail Blazers,0021300575,2014-01-15,POR vs. CLE,W,241,108,42,88,0.477,11,27,0.407,13,17,0.765,11,37,48,27,6,3,16,12,12.0
22013,1610612764,WAS,Washington Wizards,0021300568,2014-01-15,WAS vs. MIA,W,240,114,41,75,0.547,10,22,0.455,22,26,0.846,7,34,41,30,7,7,12,19,17.0
22013,1612709913,ERI,Erie BayHawks,2021300151,2014-01-15,ERI vs. SPG,W,239,124,46,90,0.511,12,27,0.444,20,26,0.769,18,37,55,29,10,3,17,18,12.0
22013,1610612747,LAL,Los Angeles Lakers,0021300574,2014-01-15,LAL @ PHX,L,241,114,43,91,0.473,6,20,0.3,22,24,0.917,8,35,43,26,5,7,17,22,-7.0
22013,1610612749,MIL,Milwaukee Bucks,0021300570,2014-01-15,MIL vs. MEM,L,240,77,31,82,0.378,6,20,0.3,9,12,0.75,15,36,51,22,5,5,15,19,-5.0
22013,1610612755,PHI,Philadelphia 76ers,0021300567,2014-01-15,PHI vs. CHA,W,239,95,39,77,0.506,6,15,0.4,11,20,0.55,7,43,50,23,6,3,24,22,3.0
22013,1610612744,GSW,Golden State Warriors,0021300576,2014-01-15,GSW vs. DEN,L,238,116,39,90,0.433,9,28,0.321,29,33,0.879,9,32,41,24,7,3,12,21,-7.0
22013,1610612740,NOP,New Orleans Pelicans,0021300572,2014-01-15,NOP vs. HOU,L,239,100,35,77,0.455,8,20,0.4,22,29,0.759,12,32,44,19,7,8,15,34,-3.0
22013,1610612742,DAL,Dallas Mavericks,0021300577,2014-01-15,DAL @ LAC,L,240,127,51,97,0.526,12,25,0.48,13,21,0.619,17,30,47,37,7,2,9,24,-2.0
22013,1610612761,TOR,Toronto Raptors,0021300569,2014-01-15,TOR @ BOS,L,240,83,30,78,0.385,11,24,0.458,12,25,0.48,13,31,44,22,5,3,13,29,-5.0
22013,1610612759,SAS,San Antonio Spurs,0021300573,2014-01-15,SAS vs. UTA,W,241,109,43,80,0.538,7,16,0.438,16,18,0.889,3,31,34,29,6,6,11,18,4.0
22013,1610612753,ORL,Orlando Magic,0021300566,2014-01-15,ORL vs. CHI,L,315,125,53,104,0.51,6,26,0.231,13,16,0.813,8,44,52,24,9,5,18,28,-3.0
22013,1610612756,PHX,Phoenix Suns,0021300574,2014-01-15,PHX vs. LAL,W,240,121,49,100,0.49,4,19,0.211,19,25,0.76,16,37,53,23,12,6,17,21,7.0
22013,1610612752,NYK,New York Knicks,0021300562,2014-01-14,NYK @ CHA,L,239,98,39,81,0.481,6,17,0.353,14,18,0.778,4,28,32,21,4,8,9,23,-10.0
22013,1610612754,IND,Indiana Pacers,0021300563,2014-01-14,IND vs. SAC,W,241,116,45,82,0.549,6,16,0.375,20,25,0.8,11,35,46,24,7,5,13,17,24.0
22013,1612709900,BAK,Bakersfield Jam,2021300150,2014-01-14,BAK @ RNO,L,241,85,27,69,0.391,3,17,0.176,28,33,0.848,11,36,47,16,8,8,26,27,-8.0
22013,1612709914,RNO,Reno Bighorns,2021300150,2014-01-14,RNO vs. BAK,W,241,93,36,87,0.414,3,13,0.231,18,24,0.75,14,27,41,21,17,5,16,22,7.4
22013,1612709911,IWA,Iowa Energy,2021300149,2014-01-14,IWA @ DEL,W,240,123,41,87,0.471,14,37,0.378,27,39,0.692,8,27,35,14,18,3,17,22,9.0
22013,1610612747,LAL,Los Angeles Lakers,0021300565,2014-01-14,LAL vs. CLE,L,241,118,44,84,0.524,13,34,0.382,17,23,0.739,6,29,35,35,4,6,12,21,-2.0
22013,1610612739,CLE,Cleveland Cavaliers,0021300565,2014-01-14,CLE @ LAL,W,240,120,41,88,0.466,13,17,0.765,25,32,0.781,16,32,48,27,8,2,8,22,2.0
22013,1610612758,SAC,Sacramento Kings,0021300563,2014-01-14,SAC @ IND,L,240,92,39,92,0.424,4,13,0.308,10,17,0.588,15,25,40,13,8,5,15,21,-24.0
22013,1610612766,CHA,Charlotte Bobcats,0021300562,2014-01-14,CHA vs. NYK,W,242,108,38,75,0.507,6,14,0.429,26,33,0.788,5,32,37,21,4,2,5,20,10.0
22013,1612709909,DEL,Delaware 87ers,2021300149,2014-01-14,DEL vs. IWA,L,240,114,46,90,0.511,5,20,0.25,17,21,0.81,11,39,50,24,9,6,29,27,-9.0
22013,1610612760,OKC,Oklahoma City Thunder,0021300564,2014-01-14,OKC @ MEM,L,239,87,33,81,0.407,5,21,0.238,16,20,0.8,12,33,45,12,5,5,19,27,-3.0
22013,1610612763,MEM,Memphis Grizzlies,0021300564,2014-01-14,MEM vs. OKC,W,239,90,32,80,0.4,4,14,0.286,22,27,0.815,11,32,43,19,8,3,13,21,3.0
22013,1610612743,DEN,Denver Nuggets,0021300561,2014-01-13,DEN @ UTA,L,240,103,37,84,0.44,7,26,0.269,22,35,0.629,12,27,39,16,6,4,11,22,-15.0
22013,1610612756,PHX,Phoenix Suns,0021300557,2014-01-13,PHX @ NYK,L,265,96,33,93,0.355,7,30,0.233,23,28,0.821,17,32,49,14,6,3,10,25,-2.0
22013,1610612762,UTA,Utah Jazz,0021300561,2014-01-13,UTA vs. DEN,W,240,118,44,79,0.557,8,18,0.444,22,29,0.759,7,35,42,22,7,2,11,24,15.0
22013,1612709915,MNE,Maine Red Claws,2021300148,2014-01-13,MNE @ LAD,L,241,107,39,89,0.438,7,22,0.318,22,31,0.71,12,39,51,23,6,6,20,21,-13.0
22013,1610612761,TOR,Toronto Raptors,0021300555,2014-01-13,TOR vs. MIL,W,240,116,40,79,0.506,12,23,0.522,24,30,0.8,16,30,46,26,9,3,14,23,22.0
22013,1610612745,HOU,Houston Rockets,0021300556,2014-01-13,HOU @ BOS,W,240,104,37,79,0.468,8,19,0.421,22,34,0.647,10,36,46,24,6,9,11,16,12.0
22013,1610612749,MIL,Milwaukee Bucks,0021300555,2014-01-13,MIL @ TOR,L,238,94,35,83,0.422,9,19,0.474,15,22,0.682,15,25,40,23,8,7,16,21,-22.0
22013,1610612753,ORL,Orlando Magic,0021300560,2014-01-13,ORL @ DAL,L,241,88,34,76,0.447,7,24,0.292,13,16,0.813,8,29,37,18,8,1,15,18,-19.0
22013,1610612759,SAS,San Antonio Spurs,0021300559,2014-01-13,SAS @ NOP,W,241,101,35,67,0.522,5,12,0.417,26,31,0.839,3,38,41,19,6,7,13,19,6.0
22013,1610612740,NOP,New Orleans Pelicans,0021300559,2014-01-13,NOP vs. SAS,L,240,95,38,87,0.437,7,11,0.636,12,17,0.706,9,32,41,19,7,4,9,23,-6.0
22013,1612709913,ERI,Erie BayHawks,2021300147,2014-01-13,ERI @ DEL,W,241,123,40,79,0.506,10,25,0.4,33,42,0.786,10,32,42,16,13,4,18,27,21.0
22013,1610612764,WAS,Washington Wizards,0021300558,2014-01-13,WAS @ CHI,W,241,102,39,75,0.52,7,18,0.389,17,28,0.607,8,32,40,25,9,5,12,17,14.0
22013,1612709909,DEL,Delaware 87ers,2021300147,2014-01-13,DEL vs. ERI,L,240,102,36,80,0.45,6,22,0.273,24,36,0.667,7,27,34,16,8,9,19,30,-21.0
22013,1610612738,BOS,Boston Celtics,0021300556,2014-01-13,BOS vs. HOU,L,241,92,38,101,0.376,3,17,0.176,13,14,0.929,15,35,50,17,8,7,13,26,-12.0
22013,1610612741,CHI,Chicago Bulls,0021300558,2014-01-13,CHI vs. WAS,L,240,88,34,79,0.43,9,21,0.429,11,19,0.579,14,28,42,25,8,3,17,21,-14.0
22013,1612709905,LAD,Los Angeles D-Fenders,2021300148,2014-01-13,LAD vs. MNE,W,240,120,44,95,0.463,10,29,0.345,22,27,0.815,9,39,48,21,11,10,13,24,13.0
22013,1610612752,NYK,New York Knicks,0021300557,2014-01-13,NYK vs. PHX,W,264,98,35,81,0.432,7,20,0.35,21,27,0.778,12,41,53,11,3,5,18,30,2.0
22013,1610612742,DAL,Dallas Mavericks,0021300560,2014-01-13,DAL vs. ORL,W,240,107,40,79,0.506,13,27,0.481,14,15,0.933,9,31,40,21,6,6,12,16,19.0
22013,1612709890,AUS,Austin Toros,2021300145,2014-01-12,AUS vs. TEX,L,240,105,40,80,0.5,9,26,0.346,16,20,0.8,10,38,48,28,3,8,21,19,-9.0
22013,1612709911,IWA,Iowa Energy,2021300146,2014-01-12,IWA vs. RGV,W,241,135,52,99,0.525,12,25,0.48,19,26,0.731,18,49,67,23,6,10,19,12,23.0
22013,1612709918,TEX,Texas Legends,2021300145,2014-01-12,TEX @ AUS,W,239,114,42,96,0.438,8,21,0.381,22,27,0.815,16,30,46,19,11,2,8,17,9.0
22013,1610612759,SAS,San Antonio Spurs,0021300554,2014-01-12,SAS vs. MIN,W,241,104,42,74,0.568,9,13,0.692,11,14,0.786,7,39,46,31,6,10,20,19,18.0
22013,1612709908,RGV,Rio Grande Valley Vipers,2021300146,2014-01-12,RGV @ IWA,L,240,112,39,107,0.364,21,54,0.389,13,17,0.765,14,29,43,28,8,5,14,20,-23.0
22013,1610612750,MIN,Minnesota Timberwolves,0021300554,2014-01-12,MIN @ SAS,L,241,86,33,93,0.355,5,17,0.294,15,18,0.833,16,24,40,17,16,6,10,13,-18.0
22013,1610612758,SAC,Sacramento Kings,0021300552,2014-01-12,SAC vs. CLE,W,241,124,42,81,0.519,15,30,0.5,25,30,0.833,12,38,50,21,6,8,15,23,44.0
22013,1610612737,ATL,Atlanta Hawks,0021300553,2014-01-12,ATL @ MEM,L,240,101,38,80,0.475,9,27,0.333,16,24,0.667,9,29,38,25,9,2,15,16,-7.0
22013,1610612739,CLE,Cleveland Cavaliers,0021300552,2014-01-12,CLE @ SAC,L,242,80,31,80,0.388,7,21,0.333,11,23,0.478,6,26,32,23,6,3,14,23,-44.0
22013,1610612763,MEM,Memphis Grizzlies,0021300553,2014-01-12,MEM vs. ATL,W,241,108,43,83,0.518,6,15,0.4,16,20,0.8,8,32,40,26,13,6,11,17,7.0
22013,1612709905,LAD,Los Angeles D-Fenders,2021300143,2014-01-11,LAD @ IDA,L,240,113,41,97,0.423,16,47,0.34,15,22,0.682,10,40,50,24,5,8,12,22,-10.0
22013,1610612741,CHI,Chicago Bulls,0021300547,2014-01-11,CHI vs. CHA,W,240,103,38,81,0.469,6,14,0.429,21,26,0.808,12,34,46,26,6,8,10,19,6.0
22013,1612709915,MNE,Maine Red Claws,2021300144,2014-01-11,MNE @ BAK,L,241,106,37,85,0.435,9,34,0.265,23,28,0.821,7,21,28,22,8,6,8,24,-7.0
22013,1610612751,BKN,Brooklyn Nets,0021300543,2014-01-11,BKN @ TOR,L,240,80,30,75,0.4,8,25,0.32,12,18,0.667,9,30,39,14,7,10,14,26,-16.0
22013,1610612752,NYK,New York Knicks,0021300546,2014-01-11,NYK @ PHI,W,240,102,39,82,0.476,6,18,0.333,18,23,0.783,10,29,39,26,11,2,13,20,10.0
22013,1610612765,DET,Detroit Pistons,0021300545,2014-01-11,DET vs. PHX,W,240,110,44,94,0.468,3,17,0.176,19,27,0.704,20,39,59,32,7,7,15,19,2.0
22013,1612709904,SXF,Sioux Falls Skyforce,2021300141,2014-01-11,SXF @ TUL,W,240,94,35,78,0.449,9,23,0.391,15,21,0.714,13,39,52,23,9,5,16,19,12.0
22013,1612709908,RGV,Rio Grande Valley Vipers,2021300142,2014-01-11,RGV @ TEX,W,239,131,45,97,0.464,13,45,0.289,28,39,0.718,18,35,53,31,10,5,13,27,9.0
22013,1610612740,NOP,New Orleans Pelicans,0021300549,2014-01-11,NOP @ DAL,L,240,107,37,77,0.481,8,19,0.421,25,31,0.806,13,35,48,22,6,2,17,33,-3.0
22013,1610612761,TOR,Toronto Raptors,0021300543,2014-01-11,TOR vs. BKN,W,241,96,32,79,0.405,11,25,0.44,21,28,0.75,16,33,49,16,8,6,12,21,16.0
22013,1610612738,BOS,Boston Celtics,0021300551,2014-01-11,BOS @ POR,L,240,104,44,95,0.463,4,14,0.286,12,17,0.706,20,26,46,25,8,4,9,22,-8.0
22013,1612709918,TEX,Texas Legends,2021300142,2014-01-11,TEX vs. RGV,L,242,122,40,88,0.455,13,30,0.433,29,37,0.784,15,36,51,23,7,5,15,26,-9.0
22013,1612709909,DEL,Delaware 87ers,2021300138,2014-01-11,DEL @ SPG,L,240,105,40,81,0.494,7,22,0.318,18,23,0.783,14,26,40,10,11,3,22,22,-10.0
22013,1610612756,PHX,Phoenix Suns,0021300545,2014-01-11,PHX @ DET,L,239,108,37,94,0.394,13,35,0.371,21,25,0.84,16,29,45,24,8,3,12,23,-2.0
22013,1610612764,WAS,Washington Wizards,0021300544,2014-01-11,WAS vs. HOU,L,242,107,40,95,0.421,5,19,0.263,22,31,0.71,17,30,47,24,11,3,11,32,-7.0
22013,1612709910,FWN,Fort Wayne Mad Ants,2021300140,2014-01-11,FWN vs. IWA,W,239,124,43,98,0.439,9,22,0.409,29,39,0.744,18,29,47,23,15,7,12,25,3.0
22013,1610612760,OKC,Oklahoma City Thunder,0021300548,2014-01-11,OKC vs. MIL,W,241,101,35,86,0.407,10,25,0.4,21,27,0.778,21,37,58,24,6,7,17,16,16.0
22013,1610612757,POR,Portland Trail Blazers,0021300551,2014-01-11,POR vs. BOS,W,239,112,40,93,0.43,10,21,0.476,22,26,0.846,20,29,49,29,3,3,11,14,8.0
22013,1610612742,DAL,Dallas Mavericks,0021300549,2014-01-11,DAL vs. NOP,W,240,110,30,67,0.448,11,27,0.407,39,45,0.867,5,25,30,20,11,3,14,23,3.0
22013,1612709893,CTN,Canton Charge,2021300139,2014-01-11,CTN @ ERI,W,240,107,39,83,0.47,3,8,0.375,26,31,0.839,18,20,38,20,11,3,10,20,11.0
22013,1612709913,ERI,Erie BayHawks,2021300139,2014-01-11,ERI vs. CTN,L,240,96,36,74,0.486,5,18,0.278,19,22,0.864,14,23,37,15,5,3,19,23,-11.0
22013,1610612745,HOU,Houston Rockets,0021300544,2014-01-11,HOU @ WAS,W,239,114,38,73,0.521,8,18,0.444,30,42,0.714,9,34,43,22,7,5,19,25,7.0
22013,1610612749,MIL,Milwaukee Bucks,0021300548,2014-01-11,MIL @ OKC,L,241,85,32,81,0.395,12,31,0.387,9,14,0.643,13,27,40,22,7,4,15,23,-16.0
22013,1612709911,IWA,Iowa Energy,2021300140,2014-01-11,IWA @ FWN,L,238,121,47,92,0.511,11,27,0.407,16,23,0.696,14,32,46,22,4,4,20,30,-3.0
22013,1612709903,IDA,Idaho Stampede,2021300143,2014-01-11,IDA vs. LAD,W,240,123,43,94,0.457,12,26,0.462,25,33,0.758,13,45,58,21,8,4,8,16,10.0
22013,1612709917,SPG,Springfield Armor,2021300138,2014-01-11,SPG vs. DEL,W,240,113,42,72,0.583,7,16,0.438,22,32,0.688,2,27,29,14,14,3,18,18,9.8
22013,1612709900,BAK,Bakersfield Jam,2021300144,2014-01-11,BAK vs. MNE,W,240,113,44,79,0.557,6,13,0.462,19,29,0.655,13,33,46,19,6,5,16,23,7.0
22013,1610612766,CHA,Charlotte Bobcats,0021300547,2014-01-11,CHA @ CHI,L,241,97,37,79,0.468,4,11,0.364,19,20,0.95,6,28,34,18,5,7,9,23,-6.0
22013,1610612755,PHI,Philadelphia 76ers,0021300546,2014-01-11,PHI vs. NYK,L,239,92,36,78,0.462,5,19,0.263,15,21,0.714,9,29,38,22,7,2,15,20,-10.0
22013,1610612743,DEN,Denver Nuggets,0021300550,2014-01-11,DEN vs. ORL,W,241,120,44,87,0.506,12,28,0.429,20,26,0.769,12,38,50,30,5,7,10,21,26.0
22013,1610612753,ORL,Orlando Magic,0021300550,2014-01-11,ORL @ DEN,L,240,94,37,84,0.44,4,20,0.2,16,23,0.696,8,32,40,23,4,4,11,19,-26.0
22013,1612709889,TUL,Tulsa 66ers,2021300141,2014-01-11,TUL vs. SXF,L,240,82,30,87,0.345,13,32,0.406,9,17,0.529,17,27,44,13,7,5,15,22,-12.0
22013,1610612744,GSW,Golden State Warriors,0021300541,2014-01-10,GSW vs. BOS,W,240,99,38,92,0.413,8,26,0.308,15,21,0.714,14,32,46,23,7,1,11,18,2.0
22013,1610612749,MIL,Milwaukee Bucks,0021300538,2014-01-10,MIL vs. CHI,L,240,72,28,88,0.318,7,21,0.333,9,12,0.75,16,32,48,15,6,4,12,29,-9.0
22013,1610612745,HOU,Houston Rockets,0021300533,2014-01-10,HOU @ ATL,L,239,80,29,70,0.414,6,19,0.316,16,22,0.727,10,34,44,15,3,2,16,18,-3.0
22013,1610612747,LAL,Los Angeles Lakers,0021300542,2014-01-10,LAL @ LAC,L,239,87,29,84,0.345,4,16,0.25,25,28,0.893,11,36,47,18,2,1,21,26,-36.0
22013,1612709903,IDA,Idaho Stampede,2021300135,2014-01-10,IDA vs. LAD,L,241,124,48,94,0.511,11,27,0.407,17,24,0.708,15,34,49,22,9,7,20,20,-9.0
22013,1610612753,ORL,Orlando Magic,0021300540,2014-01-10,ORL @ SAC,L,240,83,26,78,0.333,8,27,0.296,23,29,0.793,11,26,37,15,9,2,13,19,-20.0
22013,1612709902,SCW,Santa Cruz Warriors,2021300137,2014-01-10,SCW vs. MNE,W,240,110,37,75,0.493,9,18,0.5,27,35,0.771,12,34,46,20,8,3,14,24,7.0
22013,1610612758,SAC,Sacramento Kings,0021300540,2014-01-10,SAC vs. ORL,W,238,103,41,80,0.513,3,14,0.214,18,19,0.947,11,43,54,23,7,3,14,22,20.0
22013,1610612741,CHI,Chicago Bulls,0021300538,2014-01-10,CHI @ MIL,W,240,81,24,62,0.387,6,16,0.375,27,39,0.692,8,36,44,18,5,5,11,19,9.0
22013,1612709890,AUS,Austin Toros,2021300133,2014-01-10,AUS @ FWN,W,241,119,46,78,0.59,10,20,0.5,17,18,0.944,13,38,51,28,7,9,19,18,29.0
22013,1610612766,CHA,Charlotte Bobcats,0021300535,2014-01-10,CHA @ MIN,L,243,92,37,84,0.44,8,19,0.421,10,14,0.714,4,29,33,23,10,7,10,17,-27.0
22013,1612709915,MNE,Maine Red Claws,2021300137,2014-01-10,MNE @ SCW,L,240,103,36,88,0.409,11,35,0.314,20,33,0.606,24,26,50,20,6,7,16,28,-7.0
22013,1612709914,RNO,Reno Bighorns,2021300136,2014-01-10,RNO @ BAK,W,239,106,36,80,0.45,8,23,0.348,26,33,0.788,13,21,34,17,12,9,9,20,2.0
22013,1610612750,MIN,Minnesota Timberwolves,0021300535,2014-01-10,MIN vs. CHA,W,241,119,48,88,0.545,9,19,0.474,14,19,0.737,12,42,54,31,6,5,14,16,27.0
22013,1610612764,WAS,Washington Wizards,0021300531,2014-01-10,WAS @ IND,L,240,66,26,81,0.321,5,14,0.357,9,23,0.391,8,33,41,13,8,7,14,25,-27.0
22013,1610612742,DAL,Dallas Mavericks,0021300536,2014-01-10,DAL @ NOP,W,240,107,41,78,0.526,14,28,0.5,11,16,0.688,11,28,39,32,9,7,12,17,17.0
22013,1610612754,IND,Indiana Pacers,0021300531,2014-01-10,IND vs. WAS,W,239,93,37,83,0.446,6,13,0.462,13,22,0.591,11,50,61,25,6,1,15,22,27.0
22013,1610612762,UTA,Utah Jazz,0021300539,2014-01-10,UTA vs. CLE,L,239,102,39,81,0.481,9,20,0.45,15,27,0.556,8,26,34,22,4,3,11,17,-11.0
22013,1612709889,TUL,Tulsa 66ers,2021300134,2014-01-10,TUL vs. SXF,W,239,99,37,86,0.43,12,22,0.545,13,23,0.565,18,34,52,22,9,5,20,20,7.0
22013,1612709893,CTN,Canton Charge,2021300132,2014-01-10,CTN @ ERI,L,240,109,42,88,0.477,7,19,0.368,18,25,0.72,11,26,37,20,10,2,15,25,-4.0
22013,1610612751,BKN,Brooklyn Nets,0021300537,2014-01-10,BKN vs. MIA,W,289,104,40,86,0.465,7,20,0.35,17,21,0.81,13,36,49,21,7,4,13,22,9.0
22013,1610612763,MEM,Memphis Grizzlies,0021300534,2014-01-10,MEM vs. PHX,W,241,104,42,86,0.488,6,15,0.4,14,23,0.609,14,39,53,24,1,9,8,11,5.0
22013,1610612746,LAC,Los Angeles Clippers,0021300542,2014-01-10,LAC vs. LAL,W,241,123,45,92,0.489,7,23,0.304,26,35,0.743,13,43,56,24,16,13,8,23,36.0
22013,1612709910,FWN,Fort Wayne Mad Ants,2021300133,2014-01-10,FWN vs. AUS,L,240,90,35,91,0.385,6,14,0.429,14,20,0.7,15,16,31,10,11,1,10,14,-29.0
22013,1610612756,PHX,Phoenix Suns,0021300534,2014-01-10,PHX @ MEM,L,240,99,38,92,0.413,11,30,0.367,12,16,0.75,14,30,44,19,4,6,6,23,-5.0
22013,1610612755,PHI,Philadelphia 76ers,0021300532,2014-01-10,PHI vs. DET,L,241,104,41,95,0.432,8,24,0.333,14,20,0.7,13,29,42,23,12,3,16,19,-10.0
22013,1612709913,ERI,Erie BayHawks,2021300132,2014-01-10,ERI vs. CTN,W,239,113,41,76,0.539,9,16,0.563,22,31,0.71,8,34,42,17,4,6,20,23,4.0
22013,1612709905,LAD,Los Angeles D-Fenders,2021300135,2014-01-10,LAD @ IDA,W,241,133,51,97,0.526,9,22,0.409,22,28,0.786,13,34,47,24,15,4,16,24,9.0
22013,1612709904,SXF,Sioux Falls Skyforce,2021300134,2014-01-10,SXF @ TUL,L,241,92,35,80,0.438,7,23,0.304,15,23,0.652,9,25,34,19,8,7,16,19,-7.0
22013,1610612738,BOS,Boston Celtics,0021300541,2014-01-10,BOS @ GSW,L,241,97,38,85,0.447,7,19,0.368,14,16,0.875,12,37,49,19,7,8,17,25,-2.0
22013,1612709900,BAK,Bakersfield Jam,2021300136,2014-01-10,BAK vs. RNO,L,240,104,38,71,0.535,9,23,0.391,19,21,0.905,8,32,40,21,4,5,19,22,-2.0
22013,1610612765,DET,Detroit Pistons,0021300532,2014-01-10,DET @ PHI,W,239,114,40,94,0.426,11,30,0.367,23,33,0.697,25,37,62,24,12,14,18,19,10.0
22013,1610612737,ATL,Atlanta Hawks,0021300533,2014-01-10,ATL vs. HOU,W,240,83,32,86,0.372,9,32,0.281,10,11,0.909,13,27,40,25,9,5,12,17,3.0
22013,1610612739,CLE,Cleveland Cavaliers,0021300539,2014-01-10,CLE @ UTA,W,241,113,45,83,0.542,7,14,0.5,16,20,0.8,8,37,45,19,9,1,8,20,11.0
22013,1610612740,NOP,New Orleans Pelicans,0021300536,2014-01-10,NOP vs. DAL,L,240,90,36,80,0.45,3,7,0.429,15,19,0.789,15,23,38,15,6,8,18,17,-17.0
22013,1610612748,MIA,Miami Heat,0021300537,2014-01-10,MIA @ BKN,L,290,95,34,80,0.425,6,23,0.261,21,27,0.778,11,28,39,19,5,2,14,24,-9.0
22013,1612709908,RGV,Rio Grande Valley Vipers,2021300424,2014-01-09,RGV vs. SCW,L,240,115,39,92,0.424,17,52,0.327,20,25,0.8,15,24,39,21,8,2,20,23,-12.0
22013,1612709918,TEX,Texas Legends,2021300423,2014-01-09,TEX @ DEL,W,240,113,43,96,0.448,8,27,0.296,19,24,0.792,9,34,43,11,14,3,16,24,5.0
22013,1610612743,DEN,Denver Nuggets,0021300530,2014-01-09,DEN vs. OKC,W,240,101,37,90,0.411,14,31,0.452,13,18,0.722,12,41,53,24,7,4,12,26,13.0
22013,1612709917,SPG,Springfield Armor,2021300425,2014-01-09,SPG @ IWA,L,239,132,46,90,0.511,6,14,0.429,34,40,0.85,8,28,36,12,6,2,16,28,-11.0
22013,1612709911,IWA,Iowa Energy,2021300425,2014-01-09,IWA vs. SPG,W,239,143,46,88,0.523,14,33,0.424,37,45,0.822,11,32,43,23,9,6,11,27,11.8
22013,1612709909,DEL,Delaware 87ers,2021300423,2014-01-09,DEL vs. TEX,L,240,108,39,87,0.448,8,32,0.25,22,31,0.71,14,40,54,13,8,7,23,22,-4.4
22013,1610612752,NYK,New York Knicks,0021300529,2014-01-09,NYK vs. MIA,W,241,102,44,82,0.537,9,24,0.375,5,10,0.5,10,33,43,25,8,1,10,19,10.0
22013,1610612748,MIA,Miami Heat,0021300529,2014-01-09,MIA @ NYK,L,239,92,37,68,0.544,7,21,0.333,11,21,0.524,4,28,32,20,7,4,15,13,-10.0
22013,1612709902,SCW,Santa Cruz Warriors,2021300424,2014-01-09,SCW @ RGV,W,239,127,48,87,0.552,13,24,0.542,18,24,0.75,12,34,46,24,11,3,16,21,12.0
22013,1610612760,OKC,Oklahoma City Thunder,0021300530,2014-01-09,OKC @ DEN,L,240,88,30,85,0.353,6,24,0.25,22,27,0.815,8,38,46,11,8,10,12,20,-13.0
22013,1610612751,BKN,Brooklyn Nets,0021300523,2014-01-08,BKN vs. GSW,W,240,102,34,77,0.442,5,19,0.263,29,35,0.829,10,31,41,13,12,2,15,20,4.0
22013,1610612747,LAL,Los Angeles Lakers,0021300526,2014-01-08,LAL @ HOU,L,241,99,36,88,0.409,7,24,0.292,20,25,0.8,14,33,47,20,7,7,18,32,-14.0
22013,1610612737,ATL,Atlanta Hawks,0021300522,2014-01-08,ATL vs. IND,W,242,97,34,75,0.453,10,23,0.435,19,22,0.864,6,28,34,27,8,3,10,14,10.0
22013,1610612754,IND,Indiana Pacers,0021300522,2014-01-08,IND @ ATL,L,239,87,35,87,0.402,9,27,0.333,8,9,0.889,14,32,46,19,7,4,16,21,-10.0
22013,1610612750,MIN,Minnesota Timberwolves,0021300524,2014-01-08,MIN vs. PHX,L,240,103,34,86,0.395,6,16,0.375,29,35,0.829,12,39,51,19,3,5,11,18,-1.0
22013,1610612742,DAL,Dallas Mavericks,0021300520,2014-01-08,DAL @ SAS,L,240,90,39,93,0.419,7,19,0.368,5,8,0.625,9,23,32,20,10,3,7,19,-22.0
22013,1612709903,IDA,Idaho Stampede,2021300419,2014-01-08,IDA vs. ERI,L,240,90,34,88,0.386,10,27,0.37,12,21,0.571,6,38,44,24,5,7,13,27,-7.0
22013,1612709910,FWN,Fort Wayne Mad Ants,2021300421,2014-01-08,FWN vs. TUL,W,239,105,32,71,0.451,6,10,0.6,35,39,0.897,7,28,35,26,6,5,21,28,8.0
22013,1612709914,RNO,Reno Bighorns,2021300422,2014-01-08,RNO @ SPG,W,241,121,44,77,0.571,16,33,0.485,17,19,0.895,7,28,35,32,16,6,16,17,42.0
22013,1610612759,SAS,San Antonio Spurs,0021300520,2014-01-08,SAS vs. DAL,W,239,112,40,76,0.526,9,20,0.45,23,26,0.885,12,43,55,25,6,3,16,10,22.0
22013,1612709917,SPG,Springfield Armor,2021300422,2014-01-08,SPG vs. RNO,L,240,79,33,79,0.418,5,20,0.25,8,11,0.727,11,20,31,15,9,5,23,18,-42.0
22013,1610612738,BOS,Boston Celtics,0021300528,2014-01-08,BOS @ LAC,L,240,105,39,83,0.47,5,17,0.294,22,30,0.733,10,35,45,25,7,1,18,30,-6.0
22013,1612709913,ERI,Erie BayHawks,2021300419,2014-01-08,ERI @ IDA,W,239,97,39,92,0.424,4,12,0.333,15,30,0.5,16,37,53,26,6,5,13,20,7.0
22013,1612709889,TUL,Tulsa 66ers,2021300421,2014-01-08,TUL @ FWN,L,241,97,39,83,0.47,4,21,0.19,15,23,0.652,12,30,42,19,8,3,21,35,-8.0
22013,1610612761,TOR,Toronto Raptors,0021300521,2014-01-08,TOR vs. DET,W,240,112,35,86,0.407,11,31,0.355,31,34,0.912,12,43,55,25,5,10,12,30,21.0
22013,1610612746,LAC,Los Angeles Clippers,0021300528,2014-01-08,LAC vs. BOS,W,238,111,36,79,0.456,11,30,0.367,28,39,0.718,7,30,37,26,11,4,13,23,6.0
22013,1610612756,PHX,Phoenix Suns,0021300524,2014-01-08,PHX @ MIN,W,240,104,38,92,0.413,11,29,0.379,17,23,0.739,15,35,50,19,6,3,10,30,1.0
22013,1610612764,WAS,Washington Wizards,0021300525,2014-01-08,WAS @ NOP,W,241,102,38,80,0.475,10,21,0.476,16,26,0.615,13,33,46,24,6,5,12,23,6.0
22013,1610612745,HOU,Houston Rockets,0021300526,2014-01-08,HOU vs. LAL,W,239,113,39,86,0.453,7,28,0.25,28,50,0.56,16,36,52,18,12,3,9,19,14.0
22013,1610612740,NOP,New Orleans Pelicans,0021300525,2014-01-08,NOP vs. WAS,L,241,96,35,78,0.449,4,13,0.308,22,27,0.815,8,29,37,23,8,9,10,24,-6.0
22013,1612709908,RGV,Rio Grande Valley Vipers,2021300420,2014-01-08,RGV @ MNE,W,240,126,42,90,0.467,18,43,0.419,24,35,0.686,16,28,44,24,13,4,12,30,20.0
22013,1610612744,GSW,Golden State Warriors,0021300523,2014-01-08,GSW @ BKN,L,239,98,36,78,0.462,9,26,0.346,17,23,0.739,6,34,40,19,7,5,18,27,-4.0
22013,1610612753,ORL,Orlando Magic,0021300527,2014-01-08,ORL @ POR,L,239,94,33,83,0.398,7,20,0.35,21,27,0.778,10,32,42,21,5,2,9,12,-16.0
22013,1610612765,DET,Detroit Pistons,0021300521,2014-01-08,DET @ TOR,L,240,91,34,86,0.395,4,16,0.25,19,35,0.543,11,36,47,20,7,5,15,26,-21.0
22013,1612709915,MNE,Maine Red Claws,2021300420,2014-01-08,MNE vs. RGV,L,240,106,36,79,0.456,9,27,0.333,25,38,0.658,9,27,36,13,2,7,17,24,-23.8
22013,1610612757,POR,Portland Trail Blazers,0021300527,2014-01-08,POR vs. ORL,W,240,110,45,95,0.474,9,30,0.3,11,13,0.846,11,36,47,27,6,9,7,16,16.0
22013,1612709915,MNE,Maine Red Claws,2021300417,2014-01-07,MNE @ AUS,W,240,118,43,89,0.483,11,31,0.355,21,26,0.808,14,33,47,29,7,6,10,20,26.8
22013,1610612744,GSW,Golden State Warriors,0021300515,2014-01-07,GSW @ MIL,W,239,101,39,85,0.459,10,32,0.313,13,20,0.65,16,40,56,21,5,4,17,22,21.0
22013,1610612762,UTA,Utah Jazz,0021300518,2014-01-07,UTA vs. OKC,W,240,112,40,68,0.588,8,18,0.444,24,31,0.774,3,37,40,22,6,6,17,20,11.0
22013,1610612740,NOP,New Orleans Pelicans,0021300511,2014-01-07,NOP @ MIA,L,241,88,36,77,0.468,3,9,0.333,13,17,0.765,12,29,41,18,9,4,16,22,-19.0
22013,1612709918,TEX,Texas Legends,2021300415,2014-01-07,TEX vs. CTN,L,241,94,32,76,0.421,10,27,0.37,20,25,0.8,5,20,25,22,12,3,11,22,-18.0
22013,1610612756,PHX,Phoenix Suns,0021300513,2014-01-07,PHX @ CHI,L,240,87,33,82,0.402,6,23,0.261,15,19,0.789,9,32,41,12,7,8,12,21,-5.0
22013,1610612763,MEM,Memphis Grizzlies,0021300514,2014-01-07,MEM vs. SAS,L,265,108,46,99,0.465,6,17,0.353,10,15,0.667,12,28,40,22,7,5,11,24,-2.0
22013,1610612747,LAL,Los Angeles Lakers,0021300516,2014-01-07,LAL @ DAL,L,240,97,34,81,0.42,11,31,0.355,18,26,0.692,11,35,46,21,6,3,19,16,-13.0
22013,1610612765,DET,Detroit Pistons,0021300512,2014-01-07,DET @ NYK,L,240,85,32,86,0.372,3,19,0.158,18,23,0.783,16,38,54,19,8,4,16,20,-4.0
22013,1610612739,CLE,Cleveland Cavaliers,0021300509,2014-01-07,CLE vs. PHI,W,240,111,44,89,0.494,13,28,0.464,10,18,0.556,14,44,58,29,5,9,18,27,18.0
22013,1612709911,IWA,Iowa Energy,2021300416,2014-01-07,IWA @ BAK,W,241,133,49,100,0.49,14,30,0.467,21,28,0.75,13,31,44,29,17,10,15,31,12.0
22013,1610612758,SAC,Sacramento Kings,0021300519,2014-01-07,SAC vs. POR,W,242,123,40,85,0.471,7,15,0.467,36,50,0.72,12,36,48,20,9,3,8,25,4.0
22013,1610612759,SAS,San Antonio Spurs,0021300514,2014-01-07,SAS @ MEM,W,265,110,43,83,0.518,7,24,0.292,17,25,0.68,9,35,44,24,9,5,17,16,2.0
22013,1610612757,POR,Portland Trail Blazers,0021300519,2014-01-07,POR @ SAC,L,241,119,39,90,0.433,10,27,0.37,31,36,0.861,14,37,51,24,3,6,16,37,-4.0
22013,1610612761,TOR,Toronto Raptors,0021300510,2014-01-07,TOR @ IND,L,241,79,30,81,0.37,5,19,0.263,14,18,0.778,5,31,36,18,7,4,9,25,-7.0
22013,1610612766,CHA,Charlotte Bobcats,0021300508,2014-01-07,CHA vs. WAS,L,240,83,31,72,0.431,6,16,0.375,15,24,0.625,3,35,38,19,3,1,13,13,-14.0
22013,1610612743,DEN,Denver Nuggets,0021300517,2014-01-07,DEN vs. BOS,W,242,129,43,83,0.518,14,31,0.452,29,38,0.763,14,42,56,30,5,10,21,28,31.0
22013,1610612742,DAL,Dallas Mavericks,0021300516,2014-01-07,DAL vs. LAL,W,241,110,48,90,0.533,5,17,0.294,9,15,0.6,6,34,40,32,17,3,12,17,13.0
22013,1610612741,CHI,Chicago Bulls,0021300513,2014-01-07,CHI vs. PHX,W,240,92,36,82,0.439,6,14,0.429,14,23,0.609,14,36,50,26,6,5,14,18,5.0
22013,1610612760,OKC,Oklahoma City Thunder,0021300518,2014-01-07,OKC @ UTA,L,239,101,35,89,0.393,6,34,0.176,25,31,0.806,15,25,40,18,13,2,10,27,-11.0
22013,1612709900,BAK,Bakersfield Jam,2021300416,2014-01-07,BAK vs. IWA,L,239,121,40,90,0.444,12,33,0.364,29,37,0.784,13,36,49,22,8,4,27,23,-12.0
22013,1610612755,PHI,Philadelphia 76ers,0021300509,2014-01-07,PHI @ CLE,L,241,93,34,86,0.395,4,19,0.211,21,27,0.778,8,30,38,21,9,6,10,18,-18.0
22013,1612709890,AUS,Austin Toros,2021300417,2014-01-07,AUS vs. MNE,L,238,92,35,83,0.422,5,17,0.294,17,25,0.68,9,27,36,18,7,7,15,21,-26.0
22013,1610612738,BOS,Boston Celtics,0021300517,2014-01-07,BOS @ DEN,L,239,98,35,91,0.385,4,18,0.222,24,32,0.75,10,25,35,22,8,2,14,28,-31.0
22013,1610612749,MIL,Milwaukee Bucks,0021300515,2014-01-07,MIL vs. GSW,L,240,80,31,80,0.388,5,15,0.333,13,18,0.722,10,26,36,20,8,3,11,19,-21.0
22013,1610612748,MIA,Miami Heat,0021300511,2014-01-07,MIA vs. NOP,W,238,107,40,78,0.513,9,27,0.333,18,23,0.783,9,30,39,24,6,2,12,18,19.0
22013,1610612764,WAS,Washington Wizards,0021300508,2014-01-07,WAS @ CHA,W,241,97,40,85,0.471,5,17,0.294,12,15,0.8,8,38,46,20,7,8,7,20,14.0
22013,1610612752,NYK,New York Knicks,0021300512,2014-01-07,NYK vs. DET,W,240,89,33,81,0.407,9,26,0.346,14,20,0.7,9,29,38,24,10,4,13,22,4.0
22013,1610612754,IND,Indiana Pacers,0021300510,2014-01-07,IND vs. TOR,W,240,86,32,75,0.427,1,11,0.091,21,26,0.808,11,42,53,17,5,8,15,19,7.0
22013,1612709893,CTN,Canton Charge,2021300415,2014-01-07,CTN @ TEX,W,239,112,40,81,0.494,7,19,0.368,25,28,0.893,16,36,52,26,8,4,15,23,18.0
22013,1610612753,ORL,Orlando Magic,0021300507,2014-01-06,ORL @ LAC,L,240,81,30,84,0.357,7,19,0.368,14,21,0.667,15,35,50,15,8,1,17,20,-20.0
22013,1612709890,AUS,Austin Toros,2021300413,2014-01-06,AUS @ ERI,W,240,114,46,95,0.484,5,15,0.333,17,24,0.708,15,37,52,25,7,7,14,19,10.0
22013,1612709904,SXF,Sioux Falls Skyforce,2021300414,2014-01-06,SXF @ LAD,L,240,109,40,93,0.43,8,23,0.348,21,27,0.778,15,28,43,20,11,4,16,22,-7.4
22013,1610612755,PHI,Philadelphia 76ers,0021300505,2014-01-06,PHI vs. MIN,L,241,95,38,80,0.475,8,18,0.444,11,16,0.688,4,36,40,26,9,6,22,22,-31.0
22013,1612709913,ERI,Erie BayHawks,2021300413,2014-01-06,ERI vs. AUS,L,239,103,42,96,0.438,7,17,0.412,12,19,0.632,15,32,47,26,9,3,15,19,-11.0
22013,1612709893,CTN,Canton Charge,2021300411,2014-01-06,CTN vs. IDA,L,240,88,34,83,0.41,8,15,0.533,12,19,0.632,14,31,45,16,3,2,15,22,-5.0
22013,1610612737,ATL,Atlanta Hawks,0021300506,2014-01-06,ATL @ BKN,L,240,86,27,70,0.386,8,24,0.333,24,26,0.923,10,29,39,21,5,4,18,23,-5.0
22013,1612709902,SCW,Santa Cruz Warriors,2021300412,2014-01-06,SCW vs. FWN,L,240,97,33,81,0.407,6,13,0.462,25,33,0.758,14,34,48,17,6,5,23,32,-4.0
22013,1610612746,LAC,Los Angeles Clippers,0021300507,2014-01-06,LAC vs. ORL,W,240,101,35,83,0.422,11,31,0.355,20,24,0.833,13,38,51,30,9,10,14,17,20.0
22013,1612709905,LAD,Los Angeles D-Fenders,2021300414,2014-01-06,LAD vs. SXF,W,240,116,45,93,0.484,8,32,0.25,18,22,0.818,9,37,46,26,8,2,20,25,7.0
22013,1612709910,FWN,Fort Wayne Mad Ants,2021300412,2014-01-06,FWN @ SCW,W,240,101,29,82,0.354,4,20,0.2,39,49,0.796,10,32,42,18,16,2,13,26,4.2
22013,1610612750,MIN,Minnesota Timberwolves,0021300505,2014-01-06,MIN @ PHI,W,240,126,46,100,0.46,16,26,0.615,18,23,0.783,14,39,53,28,13,6,13,14,31.0
22013,1612709903,IDA,Idaho Stampede,2021300411,2014-01-06,IDA @ CTN,W,239,93,34,77,0.442,8,27,0.296,17,21,0.81,10,37,47,16,6,8,15,20,5.0
22013,1610612751,BKN,Brooklyn Nets,0021300506,2014-01-06,BKN vs. ATL,W,240,91,33,80,0.413,8,27,0.296,17,26,0.654,15,28,43,17,10,5,11,25,5.0
22013,1610612765,DET,Detroit Pistons,0021300498,2014-01-05,DET vs. MEM,L,240,84,35,86,0.407,4,17,0.235,10,20,0.5,12,31,43,23,4,5,11,20,-28.0
22013,1612709889,TUL,Tulsa 66ers,2021300131,2014-01-05,TUL @ MNE,W,240,100,37,87,0.425,10,24,0.417,16,23,0.696,19,30,49,18,8,4,16,21,7.0
22013,1610612743,DEN,Denver Nuggets,0021300504,2014-01-05,DEN @ LAL,W,241,137,53,99,0.535,12,29,0.414,19,24,0.792,17,41,58,32,12,8,15,25,22.0
22013,1612709914,RNO,Reno Bighorns,2021300409,2014-01-05,RNO vs. DEL,W,255,108,38,96,0.396,8,26,0.308,24,28,0.857,13,33,46,25,8,5,14,25,2.4
22013,1612709909,DEL,Delaware 87ers,2021300409,2014-01-05,DEL @ RNO,L,255,103,35,78,0.449,11,33,0.333,22,27,0.815,5,38,43,20,5,8,22,30,-5.0
22013,1610612764,WAS,Washington Wizards,0021300501,2014-01-05,WAS vs. GSW,L,240,96,37,86,0.43,6,20,0.3,16,16,1.0,9,33,42,23,8,5,13,17,-16.0
22013,1610612752,NYK,New York Knicks,0021300503,2014-01-05,NYK @ DAL,W,240,92,37,76,0.487,5,13,0.385,13,16,0.813,9,38,47,20,8,3,14,18,12.0
22013,1610612738,BOS,Boston Celtics,0021300502,2014-01-05,BOS @ OKC,L,240,96,35,80,0.438,11,23,0.478,15,24,0.625,12,25,37,23,5,6,15,26,-23.0
22013,1610612742,DAL,Dallas Mavericks,0021300503,2014-01-05,DAL vs. NYK,L,240,80,32,78,0.41,6,26,0.231,10,18,0.556,7,27,34,13,6,1,10,17,-12.0
22013,1612709904,SXF,Sioux Falls Skyforce,2021300410,2014-01-05,SXF vs. BAK,L,239,85,27,84,0.321,9,35,0.257,22,32,0.688,12,18,30,13,18,4,19,26,-35.0
22013,1610612744,GSW,Golden State Warriors,0021300501,2014-01-05,GSW @ WAS,W,241,112,43,85,0.506,9,22,0.409,17,20,0.85,8,37,45,24,8,7,12,15,16.0
22013,1610612739,CLE,Cleveland Cavaliers,0021300499,2014-01-05,CLE vs. IND,L,240,78,27,79,0.342,6,20,0.3,18,20,0.9,16,33,49,14,7,2,18,25,-4.0
22013,1610612754,IND,Indiana Pacers,0021300499,2014-01-05,IND @ CLE,W,240,82,28,77,0.364,8,24,0.333,18,22,0.818,10,32,42,17,8,4,13,19,4.0
22013,1610612747,LAL,Los Angeles Lakers,0021300504,2014-01-05,LAL vs. DEN,L,240,115,42,89,0.472,3,21,0.143,28,36,0.778,9,29,38,26,8,5,15,18,-22.0
22013,1610612761,TOR,Toronto Raptors,0021300500,2014-01-05,TOR @ MIA,L,241,97,39,77,0.506,7,22,0.318,12,21,0.571,7,27,34,24,5,7,13,23,-5.0
22013,1612709915,MNE,Maine Red Claws,2021300131,2014-01-05,MNE vs. TUL,L,240,93,37,83,0.446,7,25,0.28,12,20,0.6,13,24,37,20,8,10,17,26,-7.0
22013,1610612748,MIA,Miami Heat,0021300500,2014-01-05,MIA vs. TOR,W,240,102,38,81,0.469,3,11,0.273,23,27,0.852,14,28,42,17,8,2,10,24,5.0
22013,1610612760,OKC,Oklahoma City Thunder,0021300502,2014-01-05,OKC vs. BOS,W,241,119,43,83,0.518,9,19,0.474,24,31,0.774,12,31,43,28,10,5,9,16,23.0
22013,1610612763,MEM,Memphis Grizzlies,0021300498,2014-01-05,MEM @ DET,W,240,112,43,92,0.467,8,15,0.533,18,22,0.818,19,40,59,31,4,4,10,15,28.0
22013,1612709900,BAK,Bakersfield Jam,2021300410,2014-01-05,BAK @ SXF,W,241,120,41,75,0.547,12,34,0.353,26,33,0.788,16,41,57,27,8,3,31,27,35.0
22013,1610612754,IND,Indiana Pacers,0021300489,2014-01-04,IND vs. NOP,W,239,99,39,83,0.47,7,22,0.318,14,19,0.737,14,31,45,20,5,9,15,23,17.0
22013,1610612739,CLE,Cleveland Cavaliers,0021300491,2014-01-04,CLE @ BKN,L,239,82,29,79,0.367,10,22,0.455,14,20,0.7,14,31,45,14,4,3,11,22,-7.0
22013,1610612740,NOP,New Orleans Pelicans,0021300489,2014-01-04,NOP @ IND,L,241,82,31,68,0.456,3,9,0.333,17,26,0.654,5,28,33,15,9,6,17,18,-17.0
22013,1610612746,LAC,Los Angeles Clippers,0021300494,2014-01-04,LAC @ SAS,L,241,92,37,79,0.468,3,15,0.2,15,21,0.714,7,26,33,21,6,3,15,24,-24.0
22013,1610612766,CHA,Charlotte Bobcats,0021300497,2014-01-04,CHA @ SAC,W,240,113,45,83,0.542,9,15,0.6,14,23,0.609,6,32,38,22,5,4,11,19,10.0
22013,1612709903,IDA,Idaho Stampede,2021300128,2014-01-04,IDA vs. RGV,W,255,138,57,111,0.514,9,23,0.391,15,19,0.789,24,32,56,21,7,8,19,19,7.0
22013,1610612757,POR,Portland Trail Blazers,0021300496,2014-01-04,POR vs. PHI,L,240,99,36,99,0.364,3,22,0.136,24,30,0.8,19,40,59,26,7,9,18,20,-2.0
22013,1610612760,OKC,Oklahoma City Thunder,0021300493,2014-01-04,OKC @ MIN,W,241,115,40,83,0.482,8,24,0.333,27,28,0.964,10,35,45,22,7,8,22,29,4.0
22013,1612709890,AUS,Austin Toros,2021300127,2014-01-04,AUS vs. TEX,L,239,114,43,86,0.5,8,28,0.286,20,30,0.667,11,28,39,21,8,5,14,18,-8.0
22013,1612709902,SCW,Santa Cruz Warriors,2021300130,2014-01-04,SCW vs. CTN,L,240,85,36,84,0.429,3,19,0.158,10,17,0.588,13,26,39,23,6,3,15,28,-19.0
22013,1610612759,SAS,San Antonio Spurs,0021300494,2014-01-04,SAS vs. LAC,W,242,116,50,90,0.556,4,18,0.222,12,16,0.75,11,31,42,34,5,4,12,20,24.0
22013,1610612748,MIA,Miami Heat,0021300490,2014-01-04,MIA @ ORL,W,239,110,40,74,0.541,6,16,0.375,24,31,0.774,7,33,40,23,9,2,15,16,16.0
22013,1610612756,PHX,Phoenix Suns,0021300495,2014-01-04,PHX vs. MIL,W,240,116,41,85,0.482,12,27,0.444,22,25,0.88,9,27,36,20,13,2,11,21,16.0
22013,1610612755,PHI,Philadelphia 76ers,0021300496,2014-01-04,PHI @ POR,W,239,101,40,88,0.455,4,14,0.286,17,24,0.708,6,37,43,18,12,3,14,25,2.0
22013,1612709893,CTN,Canton Charge,2021300130,2014-01-04,CTN @ SCW,W,241,104,35,71,0.493,9,18,0.5,25,32,0.781,11,34,45,22,9,5,13,20,19.0
22013,1610612750,MIN,Minnesota Timberwolves,0021300493,2014-01-04,MIN vs. OKC,L,240,111,43,94,0.457,7,20,0.35,18,29,0.621,9,31,40,25,12,1,15,24,-4.0
22013,1610612753,ORL,Orlando Magic,0021300490,2014-01-04,ORL vs. MIA,L,240,94,33,80,0.413,8,26,0.308,20,24,0.833,12,29,41,16,6,3,15,24,-16.0
22013,1612709915,MNE,Maine Red Claws,2021300126,2014-01-04,MNE vs. SPG,L,238,90,35,83,0.422,8,19,0.421,12,20,0.6,18,30,48,24,2,11,16,23,-8.0
22013,1612709900,BAK,Bakersfield Jam,2021300129,2014-01-04,BAK @ LAD,L,242,94,39,92,0.424,9,28,0.321,7,10,0.7,15,48,63,23,9,6,31,17,-13.0
22013,1610612758,SAC,Sacramento Kings,0021300497,2014-01-04,SAC vs. CHA,L,240,103,42,92,0.457,6,17,0.353,13,19,0.684,17,35,52,17,8,5,14,23,-10.0
22013,1610612749,MIL,Milwaukee Bucks,0021300495,2014-01-04,MIL @ PHX,L,240,100,37,68,0.544,10,21,0.476,16,20,0.8,5,31,36,18,3,4,25,20,-16.0
22013,1610612737,ATL,Atlanta Hawks,0021300492,2014-01-04,ATL @ CHI,L,240,84,32,86,0.372,8,28,0.286,12,14,0.857,17,26,43,21,9,8,15,20,-7.0
22013,1612709905,LAD,Los Angeles D-Fenders,2021300129,2014-01-04,LAD vs. BAK,W,240,107,41,100,0.41,8,32,0.25,17,22,0.773,12,33,45,28,17,9,13,12,13.0
22013,1612709908,RGV,Rio Grande Valley Vipers,2021300128,2014-01-04,RGV @ IDA,L,255,131,43,94,0.457,22,48,0.458,23,30,0.767,15,26,41,22,10,2,19,21,-7.0
22013,1610612751,BKN,Brooklyn Nets,0021300491,2014-01-04,BKN vs. CLE,W,239,89,31,71,0.437,8,24,0.333,19,22,0.864,6,27,33,24,4,4,9,18,7.0
22013,1610612741,CHI,Chicago Bulls,0021300492,2014-01-04,CHI vs. ATL,W,241,91,33,81,0.407,6,17,0.353,19,24,0.792,20,32,52,19,12,12,13,15,7.0
22013,1612709918,TEX,Texas Legends,2021300127,2014-01-04,TEX @ AUS,W,240,122,44,89,0.494,9,22,0.409,25,29,0.862,15,35,50,24,10,3,11,22,8.0
22013,1612709917,SPG,Springfield Armor,2021300126,2014-01-04,SPG @ MNE,W,241,98,34,80,0.425,5,14,0.357,25,35,0.714,18,26,44,13,10,3,10,16,8.0
22013,1612709909,DEL,Delaware 87ers,2021300121,2014-01-03,DEL vs. ERI,L,239,102,42,100,0.42,9,29,0.31,9,14,0.643,18,34,52,15,7,4,14,22,-7.0
22013,1612709918,TEX,Texas Legends,2021300123,2014-01-03,TEX @ AUS,L,241,97,34,87,0.391,7,24,0.292,22,29,0.759,16,29,45,15,7,4,19,21,-25.0
22013,1610612745,HOU,Houston Rockets,0021300485,2014-01-03,HOU vs. NYK,W,239,102,34,74,0.459,10,26,0.385,24,28,0.857,10,34,44,16,4,4,15,19,2.0
22013,1610612742,DAL,Dallas Mavericks,0021300486,2014-01-03,DAL vs. LAC,L,241,112,45,88,0.511,12,28,0.429,10,14,0.714,11,28,39,29,8,1,11,25,-7.0
22013,1612709890,AUS,Austin Toros,2021300123,2014-01-03,AUS vs. TEX,W,239,122,44,88,0.5,10,29,0.345,24,30,0.8,14,36,50,31,12,4,14,23,25.0
22013,1610612743,DEN,Denver Nuggets,0021300487,2014-01-03,DEN vs. MEM,W,242,111,43,80,0.538,9,22,0.409,16,21,0.762,11,30,41,27,7,5,16,28,3.0
22013,1610612740,NOP,New Orleans Pelicans,0021300484,2014-01-03,NOP @ BOS,W,240,95,38,77,0.494,2,6,0.333,17,22,0.773,12,33,45,23,3,4,15,19,3.0
22013,1612709913,ERI,Erie BayHawks,2021300121,2014-01-03,ERI @ DEL,W,241,109,42,84,0.5,8,20,0.4,17,27,0.63,10,36,46,27,5,10,14,15,7.0
22013,1612709908,RGV,Rio Grande Valley Vipers,2021300124,2014-01-03,RGV @ IDA,W,239,109,37,93,0.398,8,38,0.211,27,34,0.794,18,44,62,15,7,5,18,23,5.0
22013,1612709902,SCW,Santa Cruz Warriors,2021300125,2014-01-03,SCW vs. RNO,W,239,95,36,80,0.45,5,13,0.385,18,22,0.818,16,33,49,17,10,2,22,21,10.0
22013,1612709889,TUL,Tulsa 66ers,2021300120,2014-01-03,TUL @ SPG,W,238,102,38,90,0.422,15,33,0.455,11,12,0.917,11,35,46,23,11,3,9,21,27.0
22013,1610612737,ATL,Atlanta Hawks,0021300483,2014-01-03,ATL vs. GSW,L,240,100,37,80,0.463,10,31,0.323,16,19,0.842,7,34,41,23,15,4,19,19,-1.0
22013,1610612746,LAC,Los Angeles Clippers,0021300486,2014-01-03,LAC @ DAL,W,239,119,40,82,0.488,9,23,0.391,30,38,0.789,13,33,46,21,5,4,10,16,7.0
22013,1610612747,LAL,Los Angeles Lakers,0021300488,2014-01-03,LAL vs. UTA,W,240,110,42,81,0.519,10,24,0.417,16,21,0.762,10,36,46,33,4,6,10,25,11.0
22013,1612709903,IDA,Idaho Stampede,2021300124,2014-01-03,IDA vs. RGV,L,240,104,41,93,0.441,3,26,0.115,19,23,0.826,10,36,46,19,7,9,13,18,-5.0
22013,1610612744,GSW,Golden State Warriors,0021300483,2014-01-03,GSW @ ATL,W,242,101,39,87,0.448,6,27,0.222,17,25,0.68,13,34,47,30,15,7,21,17,1.0
22013,1610612738,BOS,Boston Celtics,0021300484,2014-01-03,BOS vs. NOP,L,241,92,31,89,0.348,7,29,0.241,23,28,0.821,22,27,49,22,5,5,9,21,-3.0
22013,1612709910,FWN,Fort Wayne Mad Ants,2021300122,2014-01-03,FWN vs. IWA,W,239,130,45,83,0.542,9,19,0.474,31,38,0.816,9,31,40,20,10,6,15,24,14.0
22013,1610612752,NYK,New York Knicks,0021300485,2014-01-03,NYK @ HOU,L,240,100,37,89,0.416,9,24,0.375,17,24,0.708,17,27,44,20,9,3,8,22,-2.0
22013,1610612761,TOR,Toronto Raptors,0021300482,2014-01-03,TOR @ WAS,W,240,101,40,79,0.506,11,22,0.5,10,13,0.769,10,23,33,29,8,4,12,20,13.0
22013,1612709914,RNO,Reno Bighorns,2021300125,2014-01-03,RNO @ SCW,L,240,85,29,74,0.392,10,28,0.357,17,27,0.63,9,27,36,12,12,6,23,23,-10.0
22013,1610612762,UTA,Utah Jazz,0021300488,2014-01-03,UTA @ LAL,L,239,99,38,86,0.442,8,26,0.308,15,23,0.652,12,29,41,28,5,3,10,20,-11.0
22013,1612709917,SPG,Springfield Armor,2021300120,2014-01-03,SPG vs. TUL,L,240,75,24,68,0.353,4,11,0.364,23,34,0.676,11,32,43,6,4,1,17,17,-27.0
22013,1612709911,IWA,Iowa Energy,2021300122,2014-01-03,IWA @ FWN,L,240,116,43,82,0.524,12,27,0.444,18,26,0.692,8,26,34,22,8,2,21,30,-14.0
22013,1610612764,WAS,Washington Wizards,0021300482,2014-01-03,WAS vs. TOR,L,239,88,34,82,0.415,4,12,0.333,16,17,0.941,16,26,42,19,7,2,17,14,-13.0
22013,1610612763,MEM,Memphis Grizzlies,0021300487,2014-01-03,MEM @ DEN,L,241,108,37,76,0.487,5,12,0.417,29,38,0.763,10,25,35,23,11,3,13,21,-3.0
22013,1610612755,PHI,Philadelphia 76ers,0021300481,2014-01-02,PHI @ SAC,W,238,113,42,90,0.467,5,19,0.263,24,31,0.774,13,34,47,23,12,11,12,31,9.0
22013,1610612757,POR,Portland Trail Blazers,0021300480,2014-01-02,POR vs. CHA,W,240,134,54,93,0.581,21,33,0.636,5,7,0.714,12,40,52,34,8,2,15,25,30.0
22013,1612709889,TUL,Tulsa 66ers,2021300116,2014-01-02,TUL @ MNE,L,240,96,34,85,0.4,5,20,0.25,23,35,0.657,18,26,44,20,7,1,14,30,-9.0
22013,1610612758,SAC,Sacramento Kings,0021300481,2014-01-02,SAC vs. PHI,L,240,104,35,83,0.422,7,23,0.304,27,37,0.73,16,35,51,14,4,7,22,27,-9.0
22013,1610612753,ORL,Orlando Magic,0021300473,2014-01-02,ORL @ CLE,L,266,81,32,84,0.381,7,25,0.28,10,18,0.556,8,41,49,21,5,12,14,20,-6.0
22013,1610612741,CHI,Chicago Bulls,0021300475,2014-01-02,CHI vs. BOS,W,240,94,35,84,0.417,2,15,0.133,22,28,0.786,12,29,41,26,7,6,13,19,12.0
22013,1612709905,LAD,Los Angeles D-Fenders,2021300118,2014-01-02,LAD @ RNO,W,241,99,33,84,0.393,13,34,0.382,20,26,0.769,10,30,40,17,13,9,18,16,4.0
22013,1610612759,SAS,San Antonio Spurs,0021300477,2014-01-02,SAS vs. NYK,L,241,101,37,77,0.481,14,32,0.438,13,19,0.684,9,25,34,29,5,4,12,16,-4.0
22013,1612709893,CTN,Canton Charge,2021300119,2014-01-02,CTN @ BAK,L,239,104,41,86,0.477,7,20,0.35,15,19,0.789,12,25,37,26,15,2,23,29,-8.0
22013,1612709904,SXF,Sioux Falls Skyforce,2021300117,2014-01-02,SXF vs. IWA,L,240,94,38,94,0.404,7,27,0.259,11,16,0.688,10,26,36,20,12,8,10,17,-10.0
22013,1610612749,MIL,Milwaukee Bucks,0021300479,2014-01-02,MIL @ UTA,L,241,87,36,76,0.474,4,22,0.182,11,14,0.786,6,28,34,21,8,4,13,19,-9.0
22013,1610612748,MIA,Miami Heat,0021300474,2014-01-02,MIA vs. GSW,L,240,114,40,78,0.513,8,18,0.444,26,31,0.839,5,26,31,20,10,2,15,19,-9.0
22013,1610612739,CLE,Cleveland Cavaliers,0021300473,2014-01-02,CLE vs. ORL,W,264,87,33,96,0.344,4,19,0.211,17,24,0.708,17,42,59,22,6,5,12,21,6.0
22013,1612709900,BAK,Bakersfield Jam,2021300119,2014-01-02,BAK vs. CTN,W,239,112,36,79,0.456,9,23,0.391,31,42,0.738,16,29,45,23,12,6,19,16,7.6
22013,1612709915,MNE,Maine Red Claws,2021300116,2014-01-02,MNE vs. TUL,W,240,105,32,74,0.432,6,22,0.273,35,44,0.795,14,34,48,19,5,5,14,26,9.4
22013,1610612756,PHX,Phoenix Suns,0021300478,2014-01-02,PHX vs. MEM,L,241,91,37,90,0.411,8,30,0.267,9,16,0.563,13,27,40,18,11,5,12,14,-8.0
22013,1610612760,OKC,Oklahoma City Thunder,0021300476,2014-01-02,OKC vs. BKN,L,239,93,34,68,0.5,9,22,0.409,16,19,0.842,6,27,33,20,9,6,21,23,-2.0
22013,1612709914,RNO,Reno Bighorns,2021300118,2014-01-02,RNO vs. LAD,L,241,95,39,100,0.39,6,24,0.25,11,15,0.733,23,37,60,27,9,8,23,26,-6.6
22013,1610612762,UTA,Utah Jazz,0021300479,2014-01-02,UTA vs. MIL,W,240,96,36,81,0.444,7,16,0.438,17,17,1.0,9,34,43,15,10,6,11,15,9.0
22013,1610612738,BOS,Boston Celtics,0021300475,2014-01-02,BOS @ CHI,L,241,82,32,81,0.395,2,12,0.167,16,23,0.696,13,35,48,15,7,8,19,26,-12.0
22013,1610612766,CHA,Charlotte Bobcats,0021300480,2014-01-02,CHA @ POR,L,240,104,34,79,0.43,7,16,0.438,29,36,0.806,6,24,30,15,10,2,9,10,-30.0
22013,1612709911,IWA,Iowa Energy,2021300117,2014-01-02,IWA @ SXF,W,240,104,38,75,0.507,10,25,0.4,18,24,0.75,8,43,51,24,7,8,19,18,10.0
22013,1610612744,GSW,Golden State Warriors,0021300474,2014-01-02,GSW @ MIA,W,240,123,46,82,0.561,15,29,0.517,16,19,0.842,6,34,40,29,9,1,18,24,9.0
22013,1610612763,MEM,Memphis Grizzlies,0021300478,2014-01-02,MEM @ PHX,W,240,99,44,92,0.478,3,14,0.214,8,14,0.571,19,40,59,20,6,4,15,16,8.0
22013,1610612751,BKN,Brooklyn Nets,0021300476,2014-01-02,BKN @ OKC,W,238,95,31,70,0.443,9,24,0.375,24,31,0.774,9,25,34,16,13,2,19,20,2.0
22013,1610612752,NYK,New York Knicks,0021300477,2014-01-02,NYK @ SAS,W,240,105,39,76,0.513,9,17,0.529,18,20,0.9,9,31,40,19,7,5,13,23,4.0
22013,1610612764,WAS,Washington Wizards,0021300468,2014-01-01,WAS vs. DAL,L,241,78,33,88,0.375,5,24,0.208,7,10,0.7,15,31,46,17,9,6,18,21,-9.0
22013,1610612743,DEN,Denver Nuggets,0021300471,2014-01-01,DEN vs. PHI,L,240,102,36,91,0.396,5,25,0.2,25,35,0.714,15,33,48,23,7,8,14,28,-12.0
22013,1610612754,IND,Indiana Pacers,0021300469,2014-01-01,IND @ TOR,L,239,82,32,74,0.432,5,14,0.357,13,20,0.65,7,29,36,16,8,3,22,27,-13.0
22013,1610612750,MIN,Minnesota Timberwolves,0021300470,2014-01-01,MIN vs. NOP,W,239,124,44,79,0.557,8,22,0.364,28,35,0.8,10,27,37,26,10,6,15,20,12.0
22013,1610612742,DAL,Dallas Mavericks,0021300468,2014-01-01,DAL @ WAS,W,240,87,30,78,0.385,6,24,0.25,21,23,0.913,12,32,44,18,12,3,15,12,9.0
22013,1610612755,PHI,Philadelphia 76ers,0021300471,2014-01-01,PHI @ DEN,W,241,114,43,92,0.467,9,23,0.391,19,28,0.679,14,39,53,23,10,5,17,25,12.0
22013,1610612761,TOR,Toronto Raptors,0021300469,2014-01-01,TOR vs. IND,W,239,95,34,78,0.436,7,19,0.368,20,23,0.87,9,30,39,27,12,4,17,18,13.0
22013,1610612746,LAC,Los Angeles Clippers,0021300472,2014-01-01,LAC vs. CHA,W,240,112,47,85,0.553,11,34,0.324,7,10,0.7,8,36,44,36,9,3,13,20,27.0
22013,1610612740,NOP,New Orleans Pelicans,0021300470,2014-01-01,NOP @ MIN,L,240,112,45,87,0.517,6,20,0.3,16,22,0.727,13,24,37,20,10,5,17,25,-12.0
22013,1610612766,CHA,Charlotte Bobcats,0021300472,2014-01-01,CHA @ LAC,L,240,85,29,76,0.382,6,21,0.286,21,22,0.955,7,31,38,19,7,1,16,13,-27.0
22013,1610612753,ORL,Orlando Magic,0021300462,2013-12-31,ORL vs. GSW,L,240,81,34,89,0.382,5,19,0.263,8,13,0.615,9,28,37,19,7,3,9,13,-13.0
22013,1610612745,HOU,Houston Rockets,0021300464,2013-12-31,HOU vs. SAC,L,241,106,39,81,0.481,7,28,0.25,21,33,0.636,14,29,43,16,10,7,16,23,-4.0
22013,1610612759,SAS,San Antonio Spurs,0021300465,2013-12-31,SAS vs. BKN,W,239,113,40,78,0.513,9,20,0.45,24,28,0.857,14,33,47,27,8,6,15,17,21.0
22013,1610612760,OKC,Oklahoma City Thunder,0021300466,2013-12-31,OKC vs. POR,L,241,94,36,82,0.439,3,14,0.214,19,26,0.731,10,42,52,15,3,4,10,20,-4.0
22013,1610612739,CLE,Cleveland Cavaliers,0021300461,2013-12-31,CLE @ IND,L,239,76,29,80,0.363,1,12,0.083,17,23,0.739,12,36,48,15,5,3,13,22,-15.0
22013,1612709909,DEL,Delaware 87ers,2021300115,2013-12-31,DEL @ MNE,L,240,96,37,90,0.411,4,16,0.25,18,32,0.563,14,37,51,15,7,8,20,26,-7.0
22013,1610612744,GSW,Golden State Warriors,0021300462,2013-12-31,GSW @ ORL,W,240,94,41,85,0.482,6,27,0.222,6,10,0.6,12,44,56,21,3,11,17,13,13.0
22013,1610612738,BOS,Boston Celtics,0021300460,2013-12-31,BOS vs. ATL,L,239,91,35,84,0.417,5,20,0.25,16,17,0.941,8,39,47,28,6,7,15,22,-1.0
22013,1610612741,CHI,Chicago Bulls,0021300463,2013-12-31,CHI vs. TOR,L,241,79,30,82,0.366,2,9,0.222,17,21,0.81,9,36,45,17,5,4,15,21,-6.0
22013,1610612747,LAL,Los Angeles Lakers,0021300467,2013-12-31,LAL vs. MIL,L,240,79,29,81,0.358,7,24,0.292,14,18,0.778,9,30,39,18,2,10,13,20,-15.0
22013,1610612749,MIL,Milwaukee Bucks,0021300467,2013-12-31,MIL @ LAL,W,241,94,40,91,0.44,6,23,0.261,8,14,0.571,16,35,51,17,10,4,7,16,15.0
22013,1610612737,ATL,Atlanta Hawks,0021300460,2013-12-31,ATL @ BOS,W,240,92,33,91,0.363,5,29,0.172,21,25,0.84,15,36,51,21,7,4,14,15,1.0
22013,1610612761,TOR,Toronto Raptors,0021300463,2013-12-31,TOR @ CHI,W,240,85,29,69,0.42,4,14,0.286,23,31,0.742,7,37,44,16,5,6,15,22,6.0
22013,1610612757,POR,Portland Trail Blazers,0021300466,2013-12-31,POR @ OKC,W,242,98,36,91,0.396,8,33,0.242,18,21,0.857,10,33,43,26,5,3,6,22,4.0
22013,1610612751,BKN,Brooklyn Nets,0021300465,2013-12-31,BKN @ SAS,L,241,92,37,84,0.44,5,15,0.333,13,15,0.867,11,23,34,24,8,2,15,24,-21.0
22013,1610612758,SAC,Sacramento Kings,0021300464,2013-12-31,SAC @ HOU,W,239,110,42,85,0.494,7,22,0.318,19,23,0.826,9,30,39,22,9,2,13,26,4.0
22013,1612709915,MNE,Maine Red Claws,2021300115,2013-12-31,MNE vs. DEL,W,240,103,33,84,0.393,8,29,0.276,29,39,0.744,12,34,46,22,8,14,15,22,7.0
22013,1610612754,IND,Indiana Pacers,0021300461,2013-12-31,IND vs. CLE,W,238,91,34,77,0.442,5,25,0.2,18,22,0.818,8,33,41,22,7,9,11,16,15.0
22013,1612709905,LAD,Los Angeles D-Fenders,2021300114,2013-12-30,LAD @ IDA,W,240,114,37,92,0.402,11,32,0.344,29,38,0.763,13,38,51,20,13,6,11,23,15.0
22013,1610612762,UTA,Utah Jazz,0021300458,2013-12-30,UTA vs. CHA,W,239,83,34,80,0.425,8,21,0.381,7,9,0.778,10,36,46,17,6,9,13,17,3.0
22013,1610612741,CHI,Chicago Bulls,0021300454,2013-12-30,CHI @ MEM,W,240,95,28,65,0.431,6,15,0.4,33,42,0.786,9,28,37,16,13,10,20,21,4.0
22013,1612709904,SXF,Sioux Falls Skyforce,2021300113,2013-12-30,SXF @ FWN,W,241,103,38,78,0.487,11,27,0.407,16,19,0.842,10,14,24,21,11,1,17,34,2.0
22013,1610612764,WAS,Washington Wizards,0021300453,2013-12-30,WAS @ DET,W,240,106,39,78,0.5,7,19,0.368,21,27,0.778,9,33,42,25,11,2,15,27,7.0
22013,1610612757,POR,Portland Trail Blazers,0021300456,2013-12-30,POR @ NOP,L,239,108,39,88,0.443,12,32,0.375,18,24,0.75,10,28,38,25,5,9,9,13,-2.0
22013,1610612748,MIA,Miami Heat,0021300457,2013-12-30,MIA @ DEN,W,241,97,34,67,0.507,11,23,0.478,18,28,0.643,5,26,31,23,7,4,13,13,3.0
22013,1612709910,FWN,Fort Wayne Mad Ants,2021300113,2013-12-30,FWN vs. SXF,L,240,101,35,59,0.593,3,10,0.3,28,31,0.903,7,29,36,22,8,3,28,27,-2.0
22013,1610612756,PHX,Phoenix Suns,0021300459,2013-12-30,PHX @ LAC,W,243,107,41,85,0.482,12,31,0.387,13,22,0.591,10,35,45,26,17,9,16,20,19.0
22013,1612709913,ERI,Erie BayHawks,2021300112,2013-12-30,ERI vs. RNO,L,239,92,35,79,0.443,5,15,0.333,17,28,0.607,13,30,43,17,6,3,19,26,-18.0
22013,1610612740,NOP,New Orleans Pelicans,0021300456,2013-12-30,NOP vs. POR,W,241,110,48,89,0.539,2,11,0.182,12,15,0.8,9,38,47,19,5,10,9,19,2.0
22013,1610612765,DET,Detroit Pistons,0021300453,2013-12-30,DET vs. WAS,L,240,99,36,82,0.439,6,20,0.3,21,35,0.6,18,25,43,26,9,2,16,24,-7.0
22013,1612709914,RNO,Reno Bighorns,2021300112,2013-12-30,RNO @ ERI,W,241,110,42,84,0.5,4,13,0.308,22,36,0.611,16,35,51,18,10,7,14,23,18.0
22013,1610612766,CHA,Charlotte Bobcats,0021300458,2013-12-30,CHA @ UTA,L,239,80,31,84,0.369,7,14,0.5,11,15,0.733,12,33,45,13,6,3,11,12,-3.0
22013,1610612750,MIN,Minnesota Timberwolves,0021300455,2013-12-30,MIN vs. DAL,L,241,98,36,79,0.456,6,23,0.261,20,23,0.87,12,34,46,22,6,4,17,15,-2.0
22013,1610612746,LAC,Los Angeles Clippers,0021300459,2013-12-30,LAC vs. PHX,L,239,88,31,85,0.365,7,20,0.35,19,26,0.731,14,34,48,17,8,4,20,23,-19.0
22013,1610612763,MEM,Memphis Grizzlies,0021300454,2013-12-30,MEM vs. CHI,L,240,91,35,78,0.449,0,5,0.0,21,28,0.75,12,25,37,19,13,6,20,27,-4.0
22013,1610612743,DEN,Denver Nuggets,0021300457,2013-12-30,DEN vs. MIA,L,241,94,38,81,0.469,8,20,0.4,10,11,0.909,8,29,37,23,6,2,13,21,-3.0
22013,1610612742,DAL,Dallas Mavericks,0021300455,2013-12-30,DAL @ MIN,W,240,100,41,86,0.477,6,24,0.25,12,14,0.857,9,30,39,33,12,5,11,20,2.0
22013,1612709903,IDA,Idaho Stampede,2021300114,2013-12-30,IDA vs. LAD,L,240,99,37,92,0.402,7,27,0.259,18,26,0.692,17,42,59,16,4,2,23,27,-15.0
22013,1612709900,BAK,Bakersfield Jam,2021300111,2013-12-29,BAK vs. SCW,W,241,100,36,76,0.474,10,29,0.345,18,32,0.563,9,39,48,21,5,5,20,19,3.0
22013,1612709893,CTN,Canton Charge,2021300110,2013-12-29,CTN vs. ERI,W,239,107,44,85,0.518,7,15,0.467,12,26,0.462,11,29,40,27,8,2,8,20,12.0
22013,1610612760,OKC,Oklahoma City Thunder,0021300450,2013-12-29,OKC vs. HOU,W,238,117,47,82,0.573,10,22,0.455,13,16,0.813,4,45,49,28,6,5,10,24,31.0
22013,1610612747,LAL,Los Angeles Lakers,0021300452,2013-12-29,LAL vs. PHI,L,241,104,31,84,0.369,12,37,0.324,30,34,0.882,18,37,55,20,4,8,20,20,-7.0
22013,1610612739,CLE,Cleveland Cavaliers,0021300448,2013-12-29,CLE vs. GSW,L,264,104,38,92,0.413,10,16,0.625,18,21,0.857,7,37,44,21,8,7,15,18,-4.0
22013,1612709889,TUL,Tulsa 66ers,2021300109,2013-12-29,TUL @ AUS,L,241,93,35,78,0.449,7,21,0.333,16,19,0.842,15,22,37,8,0,1,17,21,-3.0
22013,1612709913,ERI,Erie BayHawks,2021300110,2013-12-29,ERI @ CTN,L,240,95,38,75,0.507,5,15,0.333,14,18,0.778,7,36,43,14,4,2,21,29,-12.0
22013,1610612745,HOU,Houston Rockets,0021300450,2013-12-29,HOU @ OKC,L,238,86,31,85,0.365,7,28,0.25,17,31,0.548,11,27,38,8,4,4,9,14,-31.0
22013,1610612737,ATL,Atlanta Hawks,0021300449,2013-12-29,ATL @ ORL,L,239,102,36,81,0.444,15,39,0.385,15,21,0.714,7,29,36,20,9,3,13,23,-7.0
22013,1610612753,ORL,Orlando Magic,0021300449,2013-12-29,ORL vs. ATL,W,239,109,41,74,0.554,8,21,0.381,19,24,0.792,4,36,40,30,10,3,17,20,7.0
22013,1612709902,SCW,Santa Cruz Warriors,2021300111,2013-12-29,SCW @ BAK,L,241,97,39,102,0.382,5,26,0.192,14,18,0.778,21,32,53,20,13,3,10,30,-3.0
22013,1612709890,AUS,Austin Toros,2021300109,2013-12-29,AUS vs. TUL,W,241,96,36,68,0.529,5,20,0.25,19,24,0.792,8,25,33,17,2,3,19,19,3.0
22013,1610612758,SAC,Sacramento Kings,0021300451,2013-12-29,SAC @ SAS,L,239,104,41,91,0.451,7,14,0.5,15,20,0.75,16,35,51,20,3,6,7,18,-8.0
22013,1610612755,PHI,Philadelphia 76ers,0021300452,2013-12-29,PHI @ LAL,W,238,111,39,95,0.411,6,24,0.25,27,33,0.818,17,32,49,24,13,6,10,24,7.0
22013,1610612744,GSW,Golden State Warriors,0021300448,2013-12-29,GSW @ CLE,W,264,108,42,95,0.442,10,33,0.303,14,19,0.737,12,40,52,30,8,10,17,28,4.0
22013,1610612759,SAS,San Antonio Spurs,0021300451,2013-12-29,SAS vs. SAC,W,240,112,44,94,0.468,8,24,0.333,16,19,0.842,10,34,44,29,5,4,4,17,8.0
22013,1612709904,SXF,Sioux Falls Skyforce,2021300106,2013-12-28,SXF vs. LAD,L,239,121,44,84,0.524,10,24,0.417,23,30,0.767,9,29,38,24,5,4,14,22,-7.0
22013,1610612757,POR,Portland Trail Blazers,0021300446,2013-12-28,POR vs. MIA,L,240,107,39,77,0.506,11,26,0.423,18,21,0.857,7,34,41,32,6,6,17,12,-1.0
22013,1612709918,TEX,Texas Legends,2021300107,2013-12-28,TEX @ IDA,W,241,115,37,74,0.5,9,20,0.45,32,38,0.842,12,35,47,19,7,2,14,21,12.0
22013,1610612751,BKN,Brooklyn Nets,0021300437,2013-12-28,BKN @ IND,L,241,91,36,77,0.468,8,21,0.381,11,16,0.688,5,23,28,13,9,4,13,22,-14.0
22013,1610612738,BOS,Boston Celtics,0021300436,2013-12-28,BOS vs. CLE,W,240,103,38,83,0.458,9,25,0.36,18,25,0.72,13,30,43,22,9,5,15,18,3.0
22013,1610612756,PHX,Phoenix Suns,0021300445,2013-12-28,PHX vs. PHI,W,239,115,44,95,0.463,9,33,0.273,18,23,0.783,15,42,57,24,9,11,19,21,14.0
22013,1610612739,CLE,Cleveland Cavaliers,0021300436,2013-12-28,CLE @ BOS,L,240,100,37,79,0.468,9,18,0.5,17,24,0.708,10,30,40,17,5,4,15,21,-3.0
22013,1612709917,SPG,Springfield Armor,2021300102,2013-12-28,SPG @ DEL,W,239,87,36,90,0.4,4,19,0.211,11,14,0.786,21,32,53,9,17,8,15,17,11.0
22013,1612709902,SCW,Santa Cruz Warriors,2021300108,2013-12-28,SCW @ BAK,L,241,93,38,99,0.384,4,22,0.182,13,15,0.867,16,27,43,25,9,3,20,22,-22.0
22013,1612709915,MNE,Maine Red Claws,2021300105,2013-12-28,MNE @ IWA,L,241,94,32,90,0.356,7,25,0.28,23,28,0.821,10,29,39,16,6,10,18,28,-7.0
22013,1610612763,MEM,Memphis Grizzlies,0021300443,2013-12-28,MEM vs. DEN,W,242,120,47,91,0.516,8,19,0.421,18,25,0.72,19,27,46,26,12,3,7,22,21.0
22013,1610612745,HOU,Houston Rockets,0021300442,2013-12-28,HOU vs. NOP,W,239,107,38,77,0.494,6,26,0.231,25,32,0.781,12,35,47,19,6,5,14,11,9.0
22013,1610612755,PHI,Philadelphia 76ers,0021300445,2013-12-28,PHI @ PHX,L,239,101,37,95,0.389,11,29,0.379,16,22,0.727,15,34,49,19,12,3,20,24,-14.0
22013,1610612765,DET,Detroit Pistons,0021300439,2013-12-28,DET @ WAS,L,239,82,31,77,0.403,7,21,0.333,13,17,0.765,11,27,38,20,9,5,22,18,-24.0
22013,1610612750,MIN,Minnesota Timberwolves,0021300444,2013-12-28,MIN @ MIL,W,241,117,43,90,0.478,11,24,0.458,20,29,0.69,19,33,52,33,14,2,18,15,22.0
22013,1610612754,IND,Indiana Pacers,0021300437,2013-12-28,IND vs. BKN,W,241,105,38,71,0.535,8,19,0.421,21,25,0.84,5,36,41,28,8,2,17,18,14.0
22013,1612709914,RNO,Reno Bighorns,2021300103,2013-12-28,RNO @ CTN,W,240,95,35,73,0.479,10,23,0.435,15,26,0.577,12,38,50,17,6,5,20,24,12.0
22013,1610612752,NYK,New York Knicks,0021300438,2013-12-28,NYK @ TOR,L,241,100,39,80,0.488,7,21,0.333,15,20,0.75,7,30,37,23,11,4,14,26,-13.0
22013,1610612740,NOP,New Orleans Pelicans,0021300442,2013-12-28,NOP @ HOU,L,240,98,41,93,0.441,10,22,0.455,6,8,0.75,12,30,42,28,5,5,10,25,-9.0
22013,1610612746,LAC,Los Angeles Clippers,0021300447,2013-12-28,LAC vs. UTA,W,240,98,35,77,0.455,3,14,0.214,25,32,0.781,7,34,41,20,14,4,13,16,8.0
22013,1610612749,MIL,Milwaukee Bucks,0021300444,2013-12-28,MIL vs. MIN,L,241,95,40,89,0.449,5,22,0.227,10,17,0.588,16,27,43,25,12,6,20,20,-22.0
22013,1612709900,BAK,Bakersfield Jam,2021300108,2013-12-28,BAK vs. SCW,W,240,115,44,93,0.473,12,32,0.375,15,21,0.714,20,42,62,30,11,6,26,18,22.0
22013,1610612761,TOR,Toronto Raptors,0021300438,2013-12-28,TOR vs. NYK,W,240,115,36,80,0.45,15,32,0.469,28,34,0.824,13,32,45,23,8,4,14,22,13.0
22013,1612709910,FWN,Fort Wayne Mad Ants,2021300104,2013-12-28,FWN vs. RGV,L,239,102,36,93,0.387,7,18,0.389,23,29,0.793,18,36,54,15,9,7,22,31,-5.0
22013,1610612737,ATL,Atlanta Hawks,0021300440,2013-12-28,ATL vs. CHA,W,264,118,37,91,0.407,16,39,0.41,28,34,0.824,6,46,52,29,8,6,12,16,2.0
22013,1610612741,CHI,Chicago Bulls,0021300441,2013-12-28,CHI vs. DAL,L,240,83,32,74,0.432,3,17,0.176,16,19,0.842,7,27,34,22,9,3,15,17,-22.0
22013,1610612742,DAL,Dallas Mavericks,0021300441,2013-12-28,DAL @ CHI,W,241,105,41,78,0.526,13,26,0.5,10,11,0.909,7,32,39,26,8,7,16,20,22.0
22013,1612709908,RGV,Rio Grande Valley Vipers,2021300104,2013-12-28,RGV @ FWN,W,240,107,33,93,0.355,13,51,0.255,28,37,0.757,15,33,48,13,9,5,19,31,5.0
22013,1610612764,WAS,Washington Wizards,0021300439,2013-12-28,WAS vs. DET,W,239,106,43,86,0.5,9,19,0.474,11,17,0.647,16,30,46,34,10,5,17,20,24.0
22013,1612709905,LAD,Los Angeles D-Fenders,2021300106,2013-12-28,LAD @ SXF,W,239,128,46,87,0.529,15,25,0.6,21,29,0.724,11,27,38,22,7,8,11,24,7.0
22013,1610612762,UTA,Utah Jazz,0021300447,2013-12-28,UTA @ LAC,L,241,90,32,76,0.421,7,19,0.368,19,21,0.905,8,37,45,24,9,4,19,27,-8.0
22013,1610612743,DEN,Denver Nuggets,0021300443,2013-12-28,DEN @ MEM,L,240,99,33,70,0.471,10,22,0.455,23,28,0.821,6,19,25,17,5,7,14,18,-21.0
22013,1612709909,DEL,Delaware 87ers,2021300102,2013-12-28,DEL vs. SPG,L,240,76,28,70,0.4,6,31,0.194,14,22,0.636,8,30,38,14,8,7,20,12,-11.0
22013,1612709893,CTN,Canton Charge,2021300103,2013-12-28,CTN vs. RNO,L,240,83,30,80,0.375,5,20,0.25,18,23,0.783,11,28,39,14,11,4,16,22,-12.0
22013,1610612748,MIA,Miami Heat,0021300446,2013-12-28,MIA @ POR,W,241,108,45,88,0.511,8,14,0.571,10,11,0.909,7,29,36,24,13,1,12,13,1.0
22013,1610612766,CHA,Charlotte Bobcats,0021300440,2013-12-28,CHA @ ATL,L,265,116,45,104,0.433,10,26,0.385,16,22,0.727,12,43,55,26,6,4,10,27,-2.0
22013,1612709903,IDA,Idaho Stampede,2021300107,2013-12-28,IDA vs. TEX,L,241,103,39,84,0.464,12,38,0.316,13,19,0.684,11,25,36,18,5,3,14,24,-12.0
22013,1612709911,IWA,Iowa Energy,2021300105,2013-12-28,IWA vs. MNE,W,240,101,36,90,0.4,7,23,0.304,22,34,0.647,22,40,62,14,11,7,20,25,7.0
22013,1612709911,IWA,Iowa Energy,2021300098,2013-12-27,IWA vs. MNE,W,240,110,38,90,0.422,9,21,0.429,25,37,0.676,16,33,49,15,15,3,19,23,1.0
22013,1612709909,DEL,Delaware 87ers,2021300096,2013-12-27,DEL @ SPG,W,240,92,37,83,0.446,10,32,0.313,8,12,0.667,11,26,37,22,10,6,14,21,1.0
22013,1610612743,DEN,Denver Nuggets,0021300432,2013-12-27,DEN @ NOP,L,240,89,33,82,0.402,6,23,0.261,17,24,0.708,11,31,42,19,10,4,17,15,-16.0
22013,1610612753,ORL,Orlando Magic,0021300428,2013-12-27,ORL vs. DET,W,240,109,45,85,0.529,4,14,0.286,15,23,0.652,12,37,49,26,10,2,13,19,17.0
22013,1612709889,TUL,Tulsa 66ers,2021300100,2013-12-27,TUL vs. AUS,W,240,111,43,89,0.483,9,18,0.5,16,25,0.64,17,34,51,19,9,1,15,18,21.0
22013,1612709905,LAD,Los Angeles D-Fenders,2021300099,2013-12-27,LAD @ SXF,L,241,106,39,91,0.429,11,33,0.333,17,20,0.85,9,25,34,24,9,11,11,23,-8.0
22013,1612709890,AUS,Austin Toros,2021300100,2013-12-27,AUS @ TUL,L,241,90,32,80,0.4,4,18,0.222,22,26,0.846,12,32,44,14,10,5,15,16,-21.0
22013,1610612740,NOP,New Orleans Pelicans,0021300432,2013-12-27,NOP vs. DEN,W,240,105,42,89,0.472,11,24,0.458,10,15,0.667,15,38,53,28,10,8,16,21,16.0
22013,1612709917,SPG,Springfield Armor,2021300096,2013-12-27,SPG vs. DEL,L,240,91,34,75,0.453,8,18,0.444,15,19,0.789,11,26,37,19,7,6,18,15,-0.4
22013,1612709915,MNE,Maine Red Claws,2021300098,2013-12-27,MNE @ IWA,L,240,107,40,93,0.43,12,28,0.429,15,22,0.682,12,37,49,20,7,4,23,29,-1.0
22013,1612709904,SXF,Sioux Falls Skyforce,2021300099,2013-12-27,SXF vs. LAD,W,241,114,45,100,0.45,5,24,0.208,19,22,0.864,22,37,59,19,3,10,16,20,8.0
22013,1612709918,TEX,Texas Legends,2021300101,2013-12-27,TEX @ IDA,L,270,126,44,94,0.468,19,41,0.463,19,25,0.76,8,28,36,22,7,1,15,20,-3.0
22013,1610612748,MIA,Miami Heat,0021300434,2013-12-27,MIA @ SAC,L,266,103,38,86,0.442,11,32,0.344,16,21,0.762,4,31,35,23,9,5,16,23,-5.0
22013,1610612747,LAL,Los Angeles Lakers,0021300433,2013-12-27,LAL @ UTA,L,241,103,40,80,0.5,7,23,0.304,16,23,0.696,8,29,37,16,8,4,14,19,-2.0
22013,1612709908,RGV,Rio Grande Valley Vipers,2021300097,2013-12-27,RGV @ ERI,W,241,125,42,103,0.408,14,42,0.333,27,31,0.871,20,35,55,19,10,4,10,23,6.0
22013,1610612749,MIL,Milwaukee Bucks,0021300429,2013-12-27,MIL @ BKN,L,240,93,33,88,0.375,9,32,0.281,18,25,0.72,12,31,43,20,7,7,9,26,-11.0
22013,1612709903,IDA,Idaho Stampede,2021300101,2013-12-27,IDA vs. TEX,W,270,129,50,98,0.51,14,36,0.389,15,20,0.75,19,43,62,29,8,5,20,20,3.0
22013,1610612764,WAS,Washington Wizards,0021300431,2013-12-27,WAS @ MIN,L,240,98,38,83,0.458,8,21,0.381,14,17,0.824,9,26,35,18,3,1,12,25,-22.0
22013,1610612765,DET,Detroit Pistons,0021300428,2013-12-27,DET @ ORL,L,239,92,39,95,0.411,5,18,0.278,9,18,0.5,19,29,48,16,6,5,15,22,-17.0
22013,1610612744,GSW,Golden State Warriors,0021300435,2013-12-27,GSW vs. PHX,W,240,115,45,85,0.529,8,20,0.4,17,24,0.708,15,41,56,32,9,4,21,25,29.0
22013,1610612756,PHX,Phoenix Suns,0021300435,2013-12-27,PHX @ GSW,L,241,86,32,89,0.36,4,23,0.174,18,23,0.783,16,25,41,12,9,4,17,22,-29.0
22013,1612709913,ERI,Erie BayHawks,2021300097,2013-12-27,ERI vs. RGV,L,242,119,43,94,0.457,7,20,0.35,26,33,0.788,16,40,56,18,9,9,14,20,-6.0
22013,1610612762,UTA,Utah Jazz,0021300433,2013-12-27,UTA vs. LAL,W,241,105,40,88,0.455,9,23,0.391,16,20,0.8,11,32,43,25,9,3,15,18,2.0
22013,1610612766,CHA,Charlotte Bobcats,0021300427,2013-12-27,CHA vs. OKC,L,240,85,30,80,0.375,9,23,0.391,16,20,0.8,9,34,43,20,5,5,8,18,-4.0
22013,1610612751,BKN,Brooklyn Nets,0021300429,2013-12-27,BKN vs. MIL,W,239,104,34,79,0.43,12,26,0.462,24,32,0.75,9,40,49,22,5,4,10,23,11.0
22013,1610612761,TOR,Toronto Raptors,0021300430,2013-12-27,TOR @ NYK,W,239,95,31,73,0.425,10,28,0.357,23,33,0.697,15,35,50,21,6,4,16,20,12.0
22013,1610612752,NYK,New York Knicks,0021300430,2013-12-27,NYK vs. TOR,L,240,83,30,79,0.38,10,19,0.526,13,21,0.619,13,29,42,19,11,5,16,29,-12.0
22013,1610612750,MIN,Minnesota Timberwolves,0021300431,2013-12-27,MIN vs. WAS,W,238,120,42,85,0.494,5,15,0.333,31,38,0.816,14,30,44,20,10,2,4,12,22.0
22013,1610612758,SAC,Sacramento Kings,0021300434,2013-12-27,SAC vs. MIA,W,266,108,41,83,0.494,5,20,0.25,21,25,0.84,10,41,51,23,5,4,22,21,5.0
22013,1610612760,OKC,Oklahoma City Thunder,0021300427,2013-12-27,OKC @ CHA,W,239,89,33,80,0.413,8,25,0.32,15,24,0.625,10,38,48,19,2,5,11,18,4.0
22013,1610612742,DAL,Dallas Mavericks,0021300425,2013-12-26,DAL vs. SAS,L,239,107,39,85,0.459,5,17,0.294,24,31,0.774,9,32,41,18,12,6,14,26,-9.0
22013,1610612763,MEM,Memphis Grizzlies,0021300424,2013-12-26,MEM @ HOU,L,240,92,38,93,0.409,5,18,0.278,11,20,0.55,20,29,49,20,6,4,9,30,-8.0
22013,1610612746,LAC,Los Angeles Clippers,0021300426,2013-12-26,LAC @ POR,L,265,112,49,110,0.445,8,20,0.4,6,12,0.5,12,36,48,24,11,5,5,22,-4.0
22013,1612709914,RNO,Reno Bighorns,2021300095,2013-12-26,RNO @ FWN,L,240,89,33,73,0.452,6,24,0.25,17,27,0.63,8,25,33,13,7,3,24,32,-25.0
22013,1610612757,POR,Portland Trail Blazers,0021300426,2013-12-26,POR vs. LAC,W,264,116,42,96,0.438,13,36,0.361,19,22,0.864,15,45,60,29,2,2,16,10,4.0
22013,1610612759,SAS,San Antonio Spurs,0021300425,2013-12-26,SAS @ DAL,W,240,116,37,75,0.493,7,16,0.438,35,42,0.833,8,38,46,22,9,6,18,25,9.0
22013,1610612737,ATL,Atlanta Hawks,0021300423,2013-12-26,ATL @ CLE,W,292,127,51,103,0.495,11,34,0.324,14,19,0.737,10,32,42,33,13,5,21,24,2.0
22013,1610612739,CLE,Cleveland Cavaliers,0021300423,2013-12-26,CLE vs. ATL,L,291,125,49,94,0.521,8,21,0.381,19,26,0.731,11,34,45,22,9,8,22,19,-2.0
22013,1610612745,HOU,Houston Rockets,0021300424,2013-12-26,HOU vs. MEM,W,239,100,31,71,0.437,5,24,0.208,33,40,0.825,7,34,41,17,3,7,9,19,8.0
22013,1612709910,FWN,Fort Wayne Mad Ants,2021300095,2013-12-26,FWN vs. RNO,W,239,114,40,77,0.519,12,21,0.571,22,37,0.595,14,31,45,25,15,2,20,28,25.0
22013,1610612744,GSW,Golden State Warriors,0021300422,2013-12-25,GSW vs. LAC,W,240,105,40,95,0.421,10,24,0.417,15,22,0.682,16,33,49,27,8,4,13,22,2.0
22013,1610612759,SAS,San Antonio Spurs,0021300421,2013-12-25,SAS vs. HOU,L,239,98,37,91,0.407,5,20,0.25,19,23,0.826,14,32,46,18,6,9,9,13,-13.0
22013,1610612760,OKC,Oklahoma City Thunder,0021300419,2013-12-25,OKC @ NYK,W,240,123,45,84,0.536,13,24,0.542,20,26,0.769,8,38,46,32,8,3,10,21,29.0
22013,1610612745,HOU,Houston Rockets,0021300421,2013-12-25,HOU @ SAS,W,240,111,45,86,0.523,12,24,0.5,9,18,0.5,11,39,50,28,3,9,10,16,13.0
22013,1610612741,CHI,Chicago Bulls,0021300418,2013-12-25,CHI @ BKN,W,241,95,36,74,0.486,5,17,0.294,18,20,0.9,11,34,45,20,10,3,15,22,17.0
22013,1610612746,LAC,Los Angeles Clippers,0021300422,2013-12-25,LAC @ GSW,L,241,103,40,81,0.494,4,18,0.222,19,23,0.826,6,32,38,22,6,9,13,24,-2.0
22013,1610612752,NYK,New York Knicks,0021300419,2013-12-25,NYK vs. OKC,L,240,94,38,90,0.422,6,23,0.261,12,19,0.632,12,30,42,23,5,2,12,22,-29.0
22013,1612709904,SXF,Sioux Falls Skyforce,2021300094,2013-12-25,SXF vs. IWA,W,240,112,42,92,0.457,12,30,0.4,16,22,0.727,10,35,45,31,8,9,15,23,13.0
22013,1610612751,BKN,Brooklyn Nets,0021300418,2013-12-25,BKN vs. CHI,L,242,78,25,71,0.352,5,17,0.294,23,31,0.742,13,26,39,11,7,5,16,19,-17.0
22013,1610612748,MIA,Miami Heat,0021300420,2013-12-25,MIA @ LAL,W,240,101,41,80,0.513,9,27,0.333,10,17,0.588,7,36,43,29,9,2,12,20,6.0
22013,1612709911,IWA,Iowa Energy,2021300094,2013-12-25,IWA @ SXF,L,241,99,36,84,0.429,10,28,0.357,17,27,0.63,9,38,47,19,5,7,21,22,-13.0
22013,1610612747,LAL,Los Angeles Lakers,0021300420,2013-12-25,LAL vs. MIA,L,241,95,33,79,0.418,14,36,0.389,15,26,0.577,12,35,47,15,8,4,17,19,-6.0
22013,1610612758,SAC,Sacramento Kings,0021300417,2013-12-23,SAC vs. NOP,L,240,100,31,74,0.419,7,17,0.412,31,42,0.738,16,27,43,15,9,6,22,22,-13.0
22013,1610612754,IND,Indiana Pacers,0021300410,2013-12-23,IND @ BKN,W,240,103,38,83,0.458,9,28,0.321,18,19,0.947,8,38,46,16,12,3,17,20,17.0
22013,1610612739,CLE,Cleveland Cavaliers,0021300408,2013-12-23,CLE vs. DET,L,239,92,34,88,0.386,8,28,0.286,16,24,0.667,13,26,39,20,5,4,19,16,-23.0
22013,1610612761,TOR,Toronto Raptors,0021300414,2013-12-23,TOR @ SAS,L,240,99,37,81,0.457,7,21,0.333,18,25,0.72,11,29,40,21,4,5,13,21,-13.0
22013,1610612742,DAL,Dallas Mavericks,0021300412,2013-12-23,DAL @ HOU,W,240,111,40,79,0.506,11,22,0.5,20,23,0.87,9,24,33,23,13,4,11,22,7.0
22013,1610612745,HOU,Houston Rockets,0021300412,2013-12-23,HOU vs. DAL,L,240,104,38,70,0.543,7,19,0.368,21,29,0.724,8,28,36,23,5,1,17,18,-7.0
22013,1610612762,UTA,Utah Jazz,0021300413,2013-12-23,UTA @ MEM,L,240,94,35,75,0.467,11,24,0.458,13,15,0.867,8,30,38,24,4,7,13,16,-10.0
22013,1610612744,GSW,Golden State Warriors,0021300415,2013-12-23,GSW @ DEN,W,240,89,36,84,0.429,7,16,0.438,10,18,0.556,11,31,42,17,4,8,15,18,8.0
22013,1610612743,DEN,Denver Nuggets,0021300415,2013-12-23,DEN vs. GSW,L,241,81,31,81,0.383,3,13,0.231,16,21,0.762,12,35,47,16,7,10,17,17,-8.0
22013,1610612749,MIL,Milwaukee Bucks,0021300407,2013-12-23,MIL @ CHA,L,265,110,42,97,0.433,10,28,0.357,16,17,0.941,12,39,51,29,8,8,12,23,-1.0
22013,1610612748,MIA,Miami Heat,0021300411,2013-12-23,MIA vs. ATL,W,265,121,46,91,0.505,10,29,0.345,19,29,0.655,13,31,44,20,8,6,13,19,2.0
22013,1610612747,LAL,Los Angeles Lakers,0021300416,2013-12-23,LAL @ PHX,L,240,90,30,81,0.37,6,20,0.3,24,37,0.649,8,31,39,12,5,3,11,19,-27.0
22013,1610612765,DET,Detroit Pistons,0021300408,2013-12-23,DET @ CLE,W,241,115,46,96,0.479,10,24,0.417,13,18,0.722,18,32,50,27,11,5,14,20,23.0
22013,1610612763,MEM,Memphis Grizzlies,0021300413,2013-12-23,MEM vs. UTA,W,240,104,39,83,0.47,11,20,0.55,15,20,0.75,11,29,40,24,9,7,6,15,10.0
22013,1610612756,PHX,Phoenix Suns,0021300416,2013-12-23,PHX vs. LAL,W,240,117,42,90,0.467,14,32,0.438,19,25,0.76,13,49,62,24,5,7,15,22,27.0
22013,1610612766,CHA,Charlotte Bobcats,0021300407,2013-12-23,CHA vs. MIL,W,265,111,43,99,0.434,10,17,0.588,15,20,0.75,9,34,43,30,2,7,8,17,1.0
22013,1610612737,ATL,Atlanta Hawks,0021300411,2013-12-23,ATL @ MIA,L,265,119,44,91,0.484,17,34,0.5,14,19,0.737,13,33,46,29,7,4,18,26,-2.0
22013,1610612753,ORL,Orlando Magic,0021300409,2013-12-23,ORL vs. NYK,L,240,98,37,89,0.416,8,25,0.32,16,22,0.727,12,32,44,24,4,4,9,21,-5.0
22013,1610612740,NOP,New Orleans Pelicans,0021300417,2013-12-23,NOP @ SAC,W,239,113,41,83,0.494,8,17,0.471,23,27,0.852,15,30,45,28,13,2,16,26,13.0
22013,1610612752,NYK,New York Knicks,0021300409,2013-12-23,NYK @ ORL,W,240,103,39,86,0.453,10,21,0.476,15,19,0.789,9,38,47,19,3,4,9,21,5.0
22013,1610612759,SAS,San Antonio Spurs,0021300414,2013-12-23,SAS vs. TOR,W,242,112,41,91,0.451,9,23,0.391,21,27,0.778,16,34,50,27,7,7,13,22,13.0
22013,1610612751,BKN,Brooklyn Nets,0021300410,2013-12-23,BKN vs. IND,L,240,86,29,76,0.382,6,26,0.231,22,25,0.88,9,27,36,21,6,4,18,19,-17.0
22013,1610612746,LAC,Los Angeles Clippers,0021300406,2013-12-22,LAC vs. MIN,W,265,120,46,97,0.474,7,29,0.241,21,27,0.778,16,29,45,24,14,1,13,23,4.0
22013,1612709893,CTN,Canton Charge,2021300091,2013-12-22,CTN @ FWN,L,241,85,33,75,0.44,8,22,0.364,11,15,0.733,12,31,43,14,5,3,24,26,-3.0
22013,1612709917,SPG,Springfield Armor,2021300090,2013-12-22,SPG vs. MNE,W,240,93,37,75,0.493,5,14,0.357,14,23,0.609,8,39,47,15,15,4,21,25,19.0
22013,1612709903,IDA,Idaho Stampede,2021300093,2013-12-22,IDA @ SCW,L,241,91,33,87,0.379,9,29,0.31,16,25,0.64,16,26,42,15,11,1,12,22,-4.0
22013,1610612738,BOS,Boston Celtics,0021300404,2013-12-22,BOS @ IND,L,240,79,32,84,0.381,6,14,0.429,9,13,0.692,6,35,41,16,6,9,16,22,-27.0
22013,1612709911,IWA,Iowa Energy,2021300092,2013-12-22,IWA vs. TUL,W,239,123,43,92,0.467,13,32,0.406,24,26,0.923,7,47,54,24,11,6,20,19,30.0
22013,1612709915,MNE,Maine Red Claws,2021300090,2013-12-22,MNE @ SPG,L,239,74,30,85,0.353,6,31,0.194,8,13,0.615,12,27,39,12,7,5,20,18,-19.0
22013,1612709910,FWN,Fort Wayne Mad Ants,2021300091,2013-12-22,FWN vs. CTN,W,239,88,28,72,0.389,9,19,0.474,23,30,0.767,13,27,40,18,12,3,23,26,3.2
22013,1610612750,MIN,Minnesota Timberwolves,0021300406,2013-12-22,MIN @ LAC,L,263,116,45,96,0.469,6,22,0.273,20,27,0.741,19,35,54,27,4,3,19,23,-4.0
22013,1610612754,IND,Indiana Pacers,0021300404,2013-12-22,IND vs. BOS,W,240,106,41,83,0.494,9,19,0.474,15,22,0.682,9,44,53,28,8,5,13,18,27.0
22013,1610612760,OKC,Oklahoma City Thunder,0021300405,2013-12-22,OKC vs. TOR,L,241,98,28,76,0.368,7,23,0.304,35,36,0.972,13,34,47,17,7,7,19,28,-6.0
22013,1610612761,TOR,Toronto Raptors,0021300405,2013-12-22,TOR @ OKC,W,239,104,36,91,0.396,8,20,0.4,24,29,0.828,12,30,42,22,7,2,13,29,6.0
22013,1612709902,SCW,Santa Cruz Warriors,2021300093,2013-12-22,SCW vs. IDA,W,241,95,37,75,0.493,2,16,0.125,19,22,0.864,11,39,50,19,6,9,19,20,4.0
22013,1612709889,TUL,Tulsa 66ers,2021300092,2013-12-22,TUL @ IWA,L,239,93,34,97,0.351,8,24,0.333,17,23,0.739,15,39,54,21,15,7,21,21,-30.0
22013,1610612757,POR,Portland Trail Blazers,0021300401,2013-12-21,POR vs. NOP,W,240,110,43,98,0.439,8,29,0.276,16,18,0.889,17,28,45,23,3,3,7,21,3.0
22013,1610612763,MEM,Memphis Grizzlies,0021300392,2013-12-21,MEM @ NYK,W,240,95,39,82,0.476,1,9,0.111,16,19,0.842,13,43,56,17,5,3,16,16,8.0
22013,1612709917,SPG,Springfield Armor,2021300085,2013-12-21,SPG vs. SXF,L,240,94,36,75,0.48,3,11,0.273,19,28,0.679,16,31,47,18,4,7,23,22,-18.0
22013,1610612743,DEN,Denver Nuggets,0021300403,2013-12-21,DEN @ LAC,L,238,91,31,88,0.352,6,30,0.2,23,29,0.793,15,35,50,16,12,3,18,26,-21.0
22013,1610612747,LAL,Los Angeles Lakers,0021300402,2013-12-21,LAL @ GSW,L,240,83,26,80,0.325,4,20,0.2,27,33,0.818,12,38,50,11,8,5,24,18,-19.0
22013,1610612756,PHX,Phoenix Suns,0021300400,2013-12-21,PHX vs. DAL,W,239,123,44,86,0.512,15,30,0.5,20,22,0.909,15,30,45,19,8,1,18,22,15.0
22013,1612709903,IDA,Idaho Stampede,2021300089,2013-12-21,IDA @ LAD,L,240,91,35,89,0.393,7,31,0.226,14,21,0.667,11,30,41,24,12,4,25,19,-30.0
22013,1610612764,WAS,Washington Wizards,0021300393,2013-12-21,WAS @ BOS,W,240,106,41,87,0.471,8,21,0.381,16,22,0.727,12,35,47,24,10,7,11,19,7.0
22013,1610612765,DET,Detroit Pistons,0021300396,2013-12-21,DET vs. HOU,L,240,97,40,89,0.449,1,12,0.083,16,26,0.615,11,26,37,22,8,8,8,17,-17.0
22013,1612709918,TEX,Texas Legends,2021300086,2013-12-21,TEX @ ERI,W,254,127,41,93,0.441,13,37,0.351,32,35,0.914,11,38,49,25,11,3,14,24,9.0
22013,1610612762,UTA,Utah Jazz,0021300394,2013-12-21,UTA @ CHA,W,240,88,32,83,0.386,10,21,0.476,14,18,0.778,12,32,44,19,9,3,7,18,3.0
22013,1612709913,ERI,Erie BayHawks,2021300086,2013-12-21,ERI vs. TEX,L,256,118,45,101,0.446,9,23,0.391,19,30,0.633,22,36,58,24,7,3,17,26,-9.0
22013,1612709890,AUS,Austin Toros,2021300088,2013-12-21,AUS vs. DEL,W,240,131,48,86,0.558,15,28,0.536,20,26,0.769,13,30,43,26,11,4,14,21,37.0
22013,1612709905,LAD,Los Angeles D-Fenders,2021300089,2013-12-21,LAD vs. IDA,W,240,121,42,81,0.519,10,28,0.357,27,32,0.844,8,41,49,28,14,7,23,21,30.0
22013,1612709909,DEL,Delaware 87ers,2021300088,2013-12-21,DEL @ AUS,L,241,94,31,67,0.463,11,27,0.407,21,26,0.808,6,23,29,15,6,2,21,26,-37.0
22013,1610612760,OKC,Oklahoma City Thunder,0021300399,2013-12-21,OKC @ SAS,W,241,113,43,88,0.489,12,27,0.444,15,18,0.833,10,38,48,22,6,9,12,23,13.0
22013,1610612753,ORL,Orlando Magic,0021300395,2013-12-21,ORL vs. SAC,L,239,100,39,82,0.476,8,20,0.4,14,23,0.609,11,31,42,17,8,6,17,24,-5.0
22013,1610612752,NYK,New York Knicks,0021300392,2013-12-21,NYK vs. MEM,L,240,87,33,79,0.418,6,22,0.273,15,23,0.652,6,23,29,21,12,6,7,15,-8.0
22013,1612709893,CTN,Canton Charge,2021300087,2013-12-21,CTN vs. FWN,L,254,102,39,79,0.494,7,21,0.333,17,25,0.68,14,37,51,21,5,2,23,26,-4.0
22013,1610612749,MIL,Milwaukee Bucks,0021300398,2013-12-21,MIL vs. PHI,W,240,116,43,82,0.524,7,25,0.28,23,25,0.92,9,34,43,23,9,9,13,20,10.0
22013,1610612745,HOU,Houston Rockets,0021300396,2013-12-21,HOU @ DET,W,239,114,44,79,0.557,9,23,0.391,17,23,0.739,5,40,45,33,4,4,14,19,17.0
22013,1610612759,SAS,San Antonio Spurs,0021300399,2013-12-21,SAS vs. OKC,L,241,100,35,82,0.427,9,19,0.474,21,26,0.808,7,30,37,25,7,4,11,18,-13.0
22013,1610612741,CHI,Chicago Bulls,0021300397,2013-12-21,CHI vs. CLE,W,240,100,37,69,0.536,10,15,0.667,16,24,0.667,9,40,49,27,4,5,21,14,16.0
22013,1610612739,CLE,Cleveland Cavaliers,0021300397,2013-12-21,CLE @ CHI,L,240,84,36,90,0.4,4,18,0.222,8,9,0.889,11,25,36,21,6,4,9,20,-16.0
22013,1610612740,NOP,New Orleans Pelicans,0021300401,2013-12-21,NOP @ POR,L,241,107,44,94,0.468,6,17,0.353,13,19,0.684,16,32,48,22,5,3,11,21,-3.0
22013,1610612758,SAC,Sacramento Kings,0021300395,2013-12-21,SAC @ ORL,W,241,105,39,79,0.494,12,23,0.522,15,23,0.652,12,32,44,17,8,4,15,23,5.0
22013,1610612746,LAC,Los Angeles Clippers,0021300403,2013-12-21,LAC vs. DEN,W,240,112,39,86,0.453,13,33,0.394,21,31,0.677,11,35,46,26,9,8,17,20,21.0
22013,1610612738,BOS,Boston Celtics,0021300393,2013-12-21,BOS vs. WAS,L,240,99,42,87,0.483,4,20,0.2,11,18,0.611,11,29,40,25,5,2,12,14,-7.0
22013,1610612766,CHA,Charlotte Bobcats,0021300394,2013-12-21,CHA vs. UTA,L,240,85,36,83,0.434,2,12,0.167,11,16,0.688,14,36,50,16,1,9,11,17,-3.0
22013,1610612755,PHI,Philadelphia 76ers,0021300398,2013-12-21,PHI @ MIL,L,240,106,38,93,0.409,10,23,0.435,20,22,0.909,17,27,44,25,6,1,17,22,-10.0
22013,1612709910,FWN,Fort Wayne Mad Ants,2021300087,2013-12-21,FWN @ CTN,W,255,106,42,90,0.467,3,14,0.214,19,32,0.594,11,27,38,17,13,1,8,21,4.0
22013,1610612744,GSW,Golden State Warriors,0021300402,2013-12-21,GSW vs. LAL,W,240,102,38,98,0.388,12,31,0.387,14,19,0.737,16,39,55,19,14,5,16,24,19.0
22013,1610612742,DAL,Dallas Mavericks,0021300400,2013-12-21,DAL @ PHX,L,241,108,44,91,0.484,3,17,0.176,17,23,0.739,13,23,36,25,10,8,11,15,-15.0
22013,1612709904,SXF,Sioux Falls Skyforce,2021300085,2013-12-21,SXF @ SPG,W,239,112,42,85,0.494,9,26,0.346,19,23,0.826,8,19,27,20,15,2,9,23,18.0
22013,1610612747,LAL,Los Angeles Lakers,0021300391,2013-12-20,LAL vs. MIN,W,239,104,42,78,0.538,7,19,0.368,13,15,0.867,7,36,43,27,7,9,19,19,13.0
22013,1612709890,AUS,Austin Toros,2021300083,2013-12-20,AUS vs. DEL,W,239,115,44,91,0.484,8,24,0.333,19,24,0.792,11,43,54,27,18,5,13,23,43.0
22013,1610612765,DET,Detroit Pistons,0021300386,2013-12-20,DET vs. CHA,L,239,106,42,90,0.467,12,23,0.522,10,17,0.588,18,26,44,18,7,10,17,17,-10.0
22013,1610612761,TOR,Toronto Raptors,0021300389,2013-12-20,TOR @ DAL,W,266,109,42,91,0.462,11,21,0.524,14,18,0.778,14,32,46,17,9,3,15,14,1.0
22013,1610612756,PHX,Phoenix Suns,0021300390,2013-12-20,PHX @ DEN,W,240,103,35,88,0.398,12,34,0.353,21,31,0.677,9,35,44,19,9,8,11,20,4.0
22013,1610612748,MIA,Miami Heat,0021300387,2013-12-20,MIA vs. SAC,W,240,122,51,83,0.614,10,23,0.435,10,14,0.714,7,32,39,32,15,3,17,16,19.0
22013,1610612737,ATL,Atlanta Hawks,0021300384,2013-12-20,ATL vs. UTA,W,241,118,45,86,0.523,10,26,0.385,18,24,0.75,10,36,46,32,10,7,10,20,33.0
22013,1610612739,CLE,Cleveland Cavaliers,0021300385,2013-12-20,CLE vs. MIL,W,266,114,39,100,0.39,11,28,0.393,25,27,0.926,18,38,56,18,5,12,12,22,3.0
22013,1610612754,IND,Indiana Pacers,0021300388,2013-12-20,IND vs. HOU,W,239,114,43,81,0.531,12,26,0.462,16,22,0.727,9,41,50,29,11,7,17,21,33.0
22013,1610612751,BKN,Brooklyn Nets,0021300383,2013-12-20,BKN @ PHI,L,266,120,42,85,0.494,15,33,0.455,21,30,0.7,5,31,36,36,10,5,16,18,-1.0
22013,1612709908,RGV,Rio Grande Valley Vipers,2021300082,2013-12-20,RGV vs. RNO,L,240,121,40,93,0.43,19,49,0.388,22,23,0.957,14,30,44,21,9,10,17,23,-2.0
22013,1612709900,BAK,Bakersfield Jam,2021300084,2013-12-20,BAK vs. SCW,W,240,123,49,83,0.59,9,22,0.409,16,22,0.727,11,29,40,27,5,4,15,17,15.0
22013,1610612762,UTA,Utah Jazz,0021300384,2013-12-20,UTA @ ATL,L,240,85,35,94,0.372,3,18,0.167,12,15,0.8,17,32,49,21,6,8,15,17,-33.0
22013,1612709902,SCW,Santa Cruz Warriors,2021300084,2013-12-20,SCW @ BAK,L,240,108,43,94,0.457,7,27,0.259,15,17,0.882,19,20,39,24,10,1,12,20,-18.2
22013,1610612758,SAC,Sacramento Kings,0021300387,2013-12-20,SAC @ MIA,L,241,103,43,74,0.581,7,22,0.318,10,24,0.417,7,25,32,25,14,1,20,16,-19.0
22013,1610612766,CHA,Charlotte Bobcats,0021300386,2013-12-20,CHA @ DET,W,241,116,44,84,0.524,3,10,0.3,25,28,0.893,10,33,43,19,12,10,12,17,10.0
22013,1610612743,DEN,Denver Nuggets,0021300390,2013-12-20,DEN vs. PHX,L,240,99,35,85,0.412,4,17,0.235,25,29,0.862,11,42,53,18,5,7,16,27,-4.0
22013,1612709914,RNO,Reno Bighorns,2021300082,2013-12-20,RNO @ RGV,W,241,123,48,84,0.571,12,27,0.444,15,21,0.714,6,32,38,21,7,8,18,19,2.0
22013,1612709904,SXF,Sioux Falls Skyforce,2021300080,2013-12-20,SXF @ MNE,W,239,92,35,101,0.347,8,30,0.267,14,21,0.667,15,37,52,16,13,6,17,25,4.0
22013,1612709913,ERI,Erie BayHawks,2021300081,2013-12-20,ERI vs. TEX,W,240,104,37,90,0.411,6,17,0.353,24,36,0.667,16,35,51,18,11,3,12,27,3.0
22013,1610612745,HOU,Houston Rockets,0021300388,2013-12-20,HOU @ IND,L,240,81,32,84,0.381,4,22,0.182,13,24,0.542,12,24,36,10,11,6,14,18,-33.0
22013,1610612742,DAL,Dallas Mavericks,0021300389,2013-12-20,DAL vs. TOR,L,265,108,46,91,0.505,10,21,0.476,6,10,0.6,11,34,45,31,13,3,15,17,-1.0
22013,1610612750,MIN,Minnesota Timberwolves,0021300391,2013-12-20,MIN @ LAL,L,239,91,33,95,0.347,5,22,0.227,20,25,0.8,22,27,49,21,10,2,16,16,-13.0
22013,1610612755,PHI,Philadelphia 76ers,0021300383,2013-12-20,PHI vs. BKN,W,265,121,51,100,0.51,9,29,0.31,10,15,0.667,12,37,49,36,8,2,17,21,1.0
22013,1610612749,MIL,Milwaukee Bucks,0021300385,2013-12-20,MIL @ CLE,L,265,111,40,100,0.4,10,29,0.345,21,25,0.84,14,38,52,22,7,7,11,23,-3.0
22013,1612709909,DEL,Delaware 87ers,2021300083,2013-12-20,DEL @ AUS,L,241,72,24,76,0.316,7,27,0.259,17,34,0.5,13,34,47,14,4,8,24,22,-43.0
22013,1612709915,MNE,Maine Red Claws,2021300080,2013-12-20,MNE vs. SXF,L,241,88,26,73,0.356,10,23,0.435,26,33,0.788,7,40,47,15,8,9,24,23,-4.0
22013,1612709918,TEX,Texas Legends,2021300081,2013-12-20,TEX @ ERI,L,239,101,32,77,0.416,12,30,0.4,25,29,0.862,6,38,44,14,10,6,17,27,-3.0
22013,1610612759,SAS,San Antonio Spurs,0021300382,2013-12-19,SAS @ GSW,W,241,104,40,89,0.449,11,27,0.407,13,19,0.684,9,30,39,21,10,2,19,11,2.0
22013,1612709889,TUL,Tulsa 66ers,2021300078,2013-12-19,TUL vs. RNO,L,240,86,32,75,0.427,5,14,0.357,17,28,0.607,14,22,36,14,9,4,18,18,-2.0
22013,1612709914,RNO,Reno Bighorns,2021300078,2013-12-19,RNO @ TUL,W,240,88,33,62,0.532,9,19,0.474,13,21,0.619,6,30,36,14,9,9,22,23,2.0
22013,1612709908,RGV,Rio Grande Valley Vipers,2021300079,2013-12-19,RGV vs. SPG,W,239,134,53,94,0.564,18,41,0.439,10,13,0.769,9,34,43,27,6,6,12,28,31.0
22013,1612709911,IWA,Iowa Energy,2021300077,2013-12-19,IWA vs. FWN,L,239,115,43,91,0.473,9,25,0.36,20,23,0.87,13,33,46,21,2,10,19,23,-2.0
22013,1610612744,GSW,Golden State Warriors,0021300382,2013-12-19,GSW vs. SAS,L,239,102,42,90,0.467,8,31,0.258,10,11,0.909,13,34,47,26,14,4,24,21,-2.0
22013,1612709910,FWN,Fort Wayne Mad Ants,2021300077,2013-12-19,FWN @ IWA,W,240,117,47,97,0.485,6,13,0.462,17,24,0.708,12,30,42,18,8,3,12,21,2.0
22013,1610612760,OKC,Oklahoma City Thunder,0021300381,2013-12-19,OKC vs. CHI,W,240,107,43,84,0.512,9,15,0.6,12,14,0.857,8,35,43,26,12,7,16,27,12.0
22013,1612709917,SPG,Springfield Armor,2021300079,2013-12-19,SPG @ RGV,L,241,103,38,84,0.452,7,25,0.28,20,28,0.714,10,28,38,17,1,8,11,12,-31.0
22013,1610612741,CHI,Chicago Bulls,0021300381,2013-12-19,CHI @ OKC,L,239,95,29,77,0.377,8,29,0.276,29,39,0.744,11,29,40,20,8,6,16,16,-12.0
22013,1610612752,NYK,New York Knicks,0021300375,2013-12-18,NYK @ MIL,W,289,107,38,101,0.376,17,41,0.415,14,19,0.737,14,37,51,26,11,6,12,31,6.0
22013,1612709903,IDA,Idaho Stampede,2021300076,2013-12-18,IDA @ BAK,L,239,97,42,88,0.477,3,20,0.15,10,16,0.625,8,26,34,23,13,7,13,25,-3.0
22013,1612709918,TEX,Texas Legends,2021300075,2013-12-18,TEX vs. SPG,W,240,108,40,84,0.476,9,21,0.429,19,27,0.704,13,18,31,23,15,5,11,22,1.0
22013,1610612757,POR,Portland Trail Blazers,0021300376,2013-12-18,POR @ MIN,L,238,109,40,94,0.426,14,40,0.35,15,19,0.789,10,35,45,19,5,4,13,27,-11.0
22013,1610612737,ATL,Atlanta Hawks,0021300372,2013-12-18,ATL vs. SAC,W,239,124,47,81,0.58,15,25,0.6,15,18,0.833,9,35,44,38,7,6,16,21,17.0
22013,1610612742,DAL,Dallas Mavericks,0021300377,2013-12-18,DAL vs. MEM,W,240,105,40,73,0.548,5,15,0.333,20,23,0.87,11,31,42,25,11,10,15,16,14.0
22013,1610612761,TOR,Toronto Raptors,0021300371,2013-12-18,TOR vs. CHA,L,266,102,41,96,0.427,6,26,0.231,14,20,0.7,16,34,50,22,10,4,15,28,-2.0
22013,1610612756,PHX,Phoenix Suns,0021300378,2013-12-18,PHX vs. SAS,L,240,101,38,82,0.463,7,15,0.467,18,24,0.75,13,29,42,16,8,7,19,24,-7.0
22013,1610612766,CHA,Charlotte Bobcats,0021300371,2013-12-18,CHA @ TOR,W,266,104,37,81,0.457,8,15,0.533,22,34,0.647,7,33,40,18,7,1,20,24,2.0
22013,1610612759,SAS,San Antonio Spurs,0021300378,2013-12-18,SAS @ PHX,W,241,108,41,87,0.471,7,18,0.389,19,24,0.792,14,32,46,23,10,4,18,17,7.0
22013,1610612762,UTA,Utah Jazz,0021300370,2013-12-18,UTA @ ORL,W,241,86,33,82,0.402,8,21,0.381,12,15,0.8,11,36,47,19,5,10,16,17,4.0
22013,1610612763,MEM,Memphis Grizzlies,0021300377,2013-12-18,MEM @ DAL,L,240,91,37,93,0.398,8,18,0.444,9,14,0.643,22,21,43,23,11,2,15,25,-14.0
22013,1610612740,NOP,New Orleans Pelicans,0021300380,2013-12-18,NOP @ LAC,L,239,95,37,93,0.398,7,20,0.35,14,20,0.7,18,37,55,26,6,1,11,22,-13.0
22013,1610612745,HOU,Houston Rockets,0021300379,2013-12-18,HOU vs. CHI,W,242,109,44,82,0.537,8,22,0.364,13,16,0.813,9,28,37,23,8,5,13,22,15.0
22013,1610612738,BOS,Boston Celtics,0021300373,2013-12-18,BOS vs. DET,L,240,106,40,81,0.494,6,18,0.333,20,22,0.909,8,33,41,22,8,1,18,20,-1.0
22013,1610612765,DET,Detroit Pistons,0021300373,2013-12-18,DET @ BOS,W,238,107,41,88,0.466,10,27,0.37,15,20,0.75,13,23,36,22,14,4,16,18,1.0
22013,1610612741,CHI,Chicago Bulls,0021300379,2013-12-18,CHI @ HOU,L,239,94,38,79,0.481,5,12,0.417,13,23,0.565,9,24,33,26,8,2,17,19,-15.0
22013,1610612750,MIN,Minnesota Timberwolves,0021300376,2013-12-18,MIN vs. POR,W,240,120,46,93,0.495,7,19,0.368,21,26,0.808,12,41,53,27,8,1,10,19,11.0
22013,1612709900,BAK,Bakersfield Jam,2021300076,2013-12-18,BAK vs. IDA,W,240,100,36,82,0.439,7,24,0.292,21,30,0.7,14,33,47,23,5,6,20,15,3.0
22013,1610612751,BKN,Brooklyn Nets,0021300374,2013-12-18,BKN vs. WAS,L,240,107,39,74,0.527,9,21,0.429,20,24,0.833,5,26,31,28,8,5,14,24,-6.0
22013,1610612754,IND,Indiana Pacers,0021300369,2013-12-18,IND @ MIA,L,240,94,32,73,0.438,5,14,0.357,25,28,0.893,6,30,36,13,9,2,14,21,-3.0
22013,1610612758,SAC,Sacramento Kings,0021300372,2013-12-18,SAC @ ATL,L,240,107,40,84,0.476,6,15,0.4,21,25,0.84,7,26,33,25,6,1,13,20,-17.0
22013,1610612748,MIA,Miami Heat,0021300369,2013-12-18,MIA vs. IND,W,240,97,37,77,0.481,5,21,0.238,18,22,0.818,5,32,37,21,11,0,12,20,3.0
22013,1610612746,LAC,Los Angeles Clippers,0021300380,2013-12-18,LAC vs. NOP,W,240,108,33,78,0.423,11,29,0.379,31,36,0.861,11,38,49,25,4,8,9,16,13.0
22013,1610612749,MIL,Milwaukee Bucks,0021300375,2013-12-18,MIL vs. NYK,L,291,101,34,82,0.415,8,22,0.364,25,35,0.714,13,41,54,13,4,5,20,25,-6.0
22013,1610612753,ORL,Orlando Magic,0021300370,2013-12-18,ORL vs. UTA,L,240,82,28,86,0.326,7,15,0.467,19,20,0.95,13,35,48,12,7,6,10,18,-4.0
22013,1610612764,WAS,Washington Wizards,0021300374,2013-12-18,WAS @ BKN,W,241,113,38,88,0.432,12,20,0.6,25,30,0.833,19,32,51,19,9,6,16,22,6.0
22013,1612709917,SPG,Springfield Armor,2021300075,2013-12-18,SPG @ TEX,L,240,107,40,74,0.541,4,11,0.364,23,26,0.885,10,31,41,17,3,11,22,21,-1.0
22013,1610612747,LAL,Los Angeles Lakers,0021300366,2013-12-17,LAL @ MEM,W,242,96,37,75,0.493,7,22,0.318,15,19,0.789,4,33,37,16,8,10,14,18,4.0
22013,1610612763,MEM,Memphis Grizzlies,0021300366,2013-12-17,MEM vs. LAL,L,239,92,37,91,0.407,5,16,0.313,13,17,0.765,18,31,49,20,10,2,14,18,-4.0
22013,1610612744,GSW,Golden State Warriors,0021300368,2013-12-17,GSW vs. NOP,W,241,104,41,91,0.451,5,20,0.25,17,24,0.708,17,41,58,25,6,2,12,23,11.0
22013,1610612740,NOP,New Orleans Pelicans,0021300368,2013-12-17,NOP @ GSW,L,239,93,33,88,0.375,5,18,0.278,22,30,0.733,12,32,44,22,8,3,10,20,-11.0
22013,1610612743,DEN,Denver Nuggets,0021300367,2013-12-17,DEN vs. OKC,L,241,93,36,87,0.414,5,19,0.263,16,22,0.727,13,30,43,25,9,3,15,20,-12.0
22013,1610612757,POR,Portland Trail Blazers,0021300365,2013-12-17,POR @ CLE,W,241,119,41,92,0.446,15,33,0.455,22,25,0.88,18,38,56,26,2,5,14,16,3.0
22013,1610612760,OKC,Oklahoma City Thunder,0021300367,2013-12-17,OKC @ DEN,W,240,105,43,88,0.489,5,22,0.227,14,20,0.7,12,41,53,19,10,5,18,22,12.0
22013,1610612766,CHA,Charlotte Bobcats,0021300364,2013-12-17,CHA vs. SAC,W,240,95,35,78,0.449,8,17,0.471,17,24,0.708,5,37,42,26,9,6,15,26,8.0
22013,1612709902,SCW,Santa Cruz Warriors,2021300074,2013-12-17,SCW vs. LAD,W,255,115,41,88,0.466,13,24,0.542,20,26,0.769,13,52,65,21,7,7,30,25,1.0
22013,1610612758,SAC,Sacramento Kings,0021300364,2013-12-17,SAC @ CHA,L,241,87,30,80,0.375,4,15,0.267,23,28,0.821,9,33,42,18,8,4,15,23,-8.0
22013,1610612739,CLE,Cleveland Cavaliers,0021300365,2013-12-17,CLE vs. POR,L,242,116,48,102,0.471,9,17,0.529,11,16,0.688,13,31,44,26,6,1,6,17,-3.0
22013,1612709905,LAD,Los Angeles D-Fenders,2021300074,2013-12-17,LAD @ SCW,L,256,114,40,108,0.37,14,44,0.318,20,28,0.714,15,36,51,19,16,5,15,23,-1.0
22013,1610612748,MIA,Miami Heat,0021300360,2013-12-16,MIA vs. UTA,W,238,117,45,71,0.634,6,15,0.4,21,26,0.808,6,35,41,28,10,8,14,14,23.0
22013,1610612764,WAS,Washington Wizards,0021300361,2013-12-16,WAS @ NYK,W,240,102,39,72,0.542,11,18,0.611,13,17,0.765,6,35,41,21,4,3,19,25,1.0
22013,1610612747,LAL,Los Angeles Lakers,0021300357,2013-12-16,LAL @ ATL,L,241,100,39,82,0.476,5,21,0.238,17,21,0.81,12,31,43,18,6,4,14,16,-14.0
22013,1610612737,ATL,Atlanta Hawks,0021300357,2013-12-16,ATL vs. LAL,W,240,114,45,92,0.489,11,27,0.407,13,15,0.867,15,29,44,34,10,6,10,18,14.0
22013,1610612755,PHI,Philadelphia 76ers,0021300359,2013-12-16,PHI @ BKN,L,238,94,37,90,0.411,8,30,0.267,12,20,0.6,8,31,39,21,14,0,19,24,-36.0
22013,1610612750,MIN,Minnesota Timberwolves,0021300358,2013-12-16,MIN @ BOS,L,240,97,37,98,0.378,8,29,0.276,15,26,0.577,19,32,51,22,6,0,7,20,-4.0
22013,1610612741,CHI,Chicago Bulls,0021300362,2013-12-16,CHI vs. ORL,L,240,82,28,81,0.346,5,18,0.278,21,26,0.808,7,38,45,19,4,5,5,20,-1.0
22013,1610612751,BKN,Brooklyn Nets,0021300359,2013-12-16,BKN vs. PHI,W,239,130,47,78,0.603,21,35,0.6,15,26,0.577,4,38,42,35,10,2,20,20,36.0
22013,1610612738,BOS,Boston Celtics,0021300358,2013-12-16,BOS vs. MIN,W,240,101,38,86,0.442,7,21,0.333,18,23,0.783,14,36,50,19,3,3,12,25,4.0
22013,1610612746,LAC,Los Angeles Clippers,0021300363,2013-12-16,LAC vs. SAS,W,241,115,39,76,0.513,11,23,0.478,26,35,0.743,9,34,43,19,12,4,18,20,23.0
22013,1610612762,UTA,Utah Jazz,0021300360,2013-12-16,UTA @ MIA,L,239,94,39,84,0.464,5,18,0.278,11,17,0.647,11,22,33,17,7,2,14,20,-23.0
22013,1610612752,NYK,New York Knicks,0021300361,2013-12-16,NYK vs. WAS,L,239,101,33,79,0.418,11,30,0.367,24,31,0.774,9,26,35,21,9,6,9,20,-1.0
22013,1610612759,SAS,San Antonio Spurs,0021300363,2013-12-16,SAS @ LAC,L,240,92,37,76,0.487,6,18,0.333,12,21,0.571,9,27,36,20,8,3,22,27,-23.0
22013,1610612765,DET,Detroit Pistons,0021300356,2013-12-16,DET @ IND,W,240,101,38,88,0.432,7,20,0.35,18,28,0.643,20,35,55,14,3,7,8,20,5.0
22013,1610612753,ORL,Orlando Magic,0021300362,2013-12-16,ORL @ CHI,W,240,83,33,83,0.398,5,12,0.417,12,16,0.75,9,45,54,21,4,3,11,20,1.0
22013,1610612754,IND,Indiana Pacers,0021300356,2013-12-16,IND vs. DET,L,240,96,35,81,0.432,6,17,0.353,20,27,0.741,9,31,40,18,5,4,7,20,-5.0
22013,1610612758,SAC,Sacramento Kings,0021300350,2013-12-15,SAC vs. HOU,W,240,106,39,81,0.481,3,13,0.231,25,30,0.833,7,36,43,17,8,6,15,25,15.0
22013,1612709914,RNO,Reno Bighorns,2021300071,2013-12-15,RNO vs. BAK,W,240,103,40,80,0.5,7,14,0.5,16,22,0.727,10,26,36,26,12,7,17,21,7.0
22013,1610612744,GSW,Golden State Warriors,0021300355,2013-12-15,GSW @ PHX,L,240,102,34,80,0.425,11,22,0.5,23,33,0.697,11,39,50,19,6,4,20,25,-4.0
22013,1612709910,FWN,Fort Wayne Mad Ants,2021300072,2013-12-15,FWN @ DEL,W,240,108,42,81,0.519,5,15,0.333,19,25,0.76,10,30,40,19,11,2,16,18,8.0
22013,1610612756,PHX,Phoenix Suns,0021300355,2013-12-15,PHX vs. GSW,W,241,106,35,79,0.443,13,27,0.481,23,34,0.676,5,40,45,17,13,5,12,24,4.0
22013,1612709902,SCW,Santa Cruz Warriors,2021300073,2013-12-15,SCW @ LAD,W,239,108,41,89,0.461,6,19,0.316,20,29,0.69,13,41,54,24,4,5,16,19,4.8
22013,1610612753,ORL,Orlando Magic,0021300353,2013-12-15,ORL @ OKC,L,240,98,37,82,0.451,7,24,0.292,17,26,0.654,9,36,45,19,7,2,14,18,-3.0
22013,1610612760,OKC,Oklahoma City Thunder,0021300353,2013-12-15,OKC vs. ORL,W,241,101,39,87,0.448,5,19,0.263,18,20,0.9,11,34,45,23,10,7,13,19,3.0
22013,1610612750,MIN,Minnesota Timberwolves,0021300351,2013-12-15,MIN @ MEM,W,241,101,35,79,0.443,12,26,0.462,19,25,0.76,10,34,44,22,7,5,9,17,8.0
22013,1612709909,DEL,Delaware 87ers,2021300072,2013-12-15,DEL vs. FWN,L,241,100,42,95,0.442,11,33,0.333,5,7,0.714,16,24,40,23,9,2,20,24,-8.0
22013,1610612763,MEM,Memphis Grizzlies,0021300351,2013-12-15,MEM vs. MIN,L,241,93,37,83,0.446,5,15,0.333,14,20,0.7,13,34,47,17,5,2,9,20,-8.0
22013,1612709905,LAD,Los Angeles D-Fenders,2021300073,2013-12-15,LAD vs. SCW,L,239,105,37,90,0.411,16,40,0.4,15,20,0.75,8,33,41,25,8,5,12,28,-3.0
22013,1610612740,NOP,New Orleans Pelicans,0021300354,2013-12-15,NOP @ DEN,L,240,93,37,85,0.435,7,24,0.292,12,19,0.632,9,23,32,23,10,8,13,23,-9.0
22013,1610612757,POR,Portland Trail Blazers,0021300352,2013-12-15,POR @ DET,W,265,111,41,99,0.414,7,26,0.269,22,26,0.846,15,32,47,24,9,3,10,21,2.0
22013,1610612745,HOU,Houston Rockets,0021300350,2013-12-15,HOU @ SAC,L,239,91,31,75,0.413,7,27,0.259,22,38,0.579,11,31,42,15,6,5,17,26,-15.0
22013,1610612765,DET,Detroit Pistons,0021300352,2013-12-15,DET vs. POR,L,266,109,44,94,0.468,3,15,0.2,18,27,0.667,18,35,53,19,5,5,14,22,-2.0
22013,1610612743,DEN,Denver Nuggets,0021300354,2013-12-15,DEN vs. NOP,W,241,102,37,85,0.435,7,24,0.292,21,28,0.75,15,36,51,23,7,7,16,24,9.0
22013,1612709900,BAK,Bakersfield Jam,2021300071,2013-12-15,BAK @ RNO,L,238,96,36,87,0.414,9,23,0.391,15,23,0.652,22,24,46,22,9,9,20,19,-7.0
22013,1610612759,SAS,San Antonio Spurs,0021300349,2013-12-14,SAS @ UTA,W,239,100,41,88,0.466,8,20,0.4,10,12,0.833,11,44,55,24,6,1,10,15,16.0
22013,1612709915,MNE,Maine Red Claws,2021300063,2013-12-14,MNE @ SPG,W,240,102,35,74,0.473,6,21,0.286,26,30,0.867,8,32,40,9,10,4,14,19,7.0
22013,1612709900,BAK,Bakersfield Jam,2021300070,2013-12-14,BAK @ RNO,L,241,98,36,85,0.424,10,27,0.37,16,22,0.727,6,34,40,23,5,3,17,24,-6.0
22013,1612709889,TUL,Tulsa 66ers,2021300067,2013-12-14,TUL @ SXF,L,240,94,36,79,0.456,6,20,0.3,16,24,0.667,11,26,37,15,11,8,21,28,-6.0
22013,1612709902,SCW,Santa Cruz Warriors,2021300069,2013-12-14,SCW @ LAD,L,240,118,46,96,0.479,6,21,0.286,20,24,0.833,18,37,55,27,10,7,23,24,-5.6
22013,1612709917,SPG,Springfield Armor,2021300063,2013-12-14,SPG vs. MNE,L,239,95,38,79,0.481,5,9,0.556,14,19,0.737,9,28,37,13,7,2,13,22,-7.0
22013,1610612742,DAL,Dallas Mavericks,0021300348,2013-12-14,DAL vs. MIL,W,242,106,42,88,0.477,10,24,0.417,12,18,0.667,12,33,45,25,9,3,16,18,13.0
22013,1610612739,CLE,Cleveland Cavaliers,0021300344,2013-12-14,CLE @ MIA,L,240,107,39,84,0.464,10,29,0.345,19,25,0.76,12,27,39,18,7,1,15,20,-7.0
22013,1610612737,ATL,Atlanta Hawks,0021300345,2013-12-14,ATL @ NYK,L,240,106,40,66,0.606,15,32,0.469,11,11,1.0,6,28,34,22,6,1,27,24,-5.0
22013,1610612762,UTA,Utah Jazz,0021300349,2013-12-14,UTA vs. SAS,L,239,84,35,89,0.393,6,20,0.3,8,11,0.727,8,34,42,17,5,11,9,17,-16.0
22013,1610612757,POR,Portland Trail Blazers,0021300347,2013-12-14,POR @ PHI,W,241,139,52,93,0.559,21,37,0.568,14,20,0.7,15,31,46,41,9,8,18,16,34.0
22013,1612709890,AUS,Austin Toros,2021300068,2013-12-14,AUS @ TEX,L,241,97,33,75,0.44,6,20,0.3,25,31,0.806,4,33,37,23,9,4,15,14,-9.0
22013,1612709918,TEX,Texas Legends,2021300068,2013-12-14,TEX vs. AUS,W,240,106,39,80,0.488,7,28,0.25,21,25,0.84,6,38,44,16,10,4,17,21,9.0
22013,1612709911,IWA,Iowa Energy,2021300066,2013-12-14,IWA vs. DEL,W,241,136,46,84,0.548,15,33,0.455,29,40,0.725,7,45,52,25,10,7,20,22,23.0
22013,1610612748,MIA,Miami Heat,0021300344,2013-12-14,MIA vs. CLE,W,240,114,42,76,0.553,8,21,0.381,22,30,0.733,9,31,40,24,10,9,14,21,7.0
22013,1610612749,MIL,Milwaukee Bucks,0021300348,2013-12-14,MIL @ DAL,L,241,93,36,81,0.444,5,17,0.294,16,19,0.842,8,34,42,15,8,4,16,15,-13.0
22013,1610612766,CHA,Charlotte Bobcats,0021300342,2013-12-14,CHA vs. LAL,L,241,85,39,89,0.438,2,13,0.154,5,8,0.625,12,34,46,22,10,9,13,16,-3.0
22013,1612709913,ERI,Erie BayHawks,2021300064,2013-12-14,ERI @ CTN,L,241,104,39,80,0.488,7,18,0.389,19,31,0.613,7,28,35,26,12,4,11,28,-3.0
22013,1610612741,CHI,Chicago Bulls,0021300346,2013-12-14,CHI vs. TOR,L,240,77,31,86,0.36,6,18,0.333,9,12,0.75,10,31,41,19,5,9,15,20,-22.0
22013,1612709909,DEL,Delaware 87ers,2021300066,2013-12-14,DEL @ IWA,L,240,113,41,102,0.402,12,34,0.353,19,25,0.76,15,32,47,22,7,3,21,31,-23.0
22013,1610612746,LAC,Los Angeles Clippers,0021300343,2013-12-14,LAC @ WAS,W,240,113,39,69,0.565,9,21,0.429,26,31,0.839,5,29,34,27,9,3,10,20,16.0
22013,1610612761,TOR,Toronto Raptors,0021300346,2013-12-14,TOR @ CHI,W,241,99,40,83,0.482,5,15,0.333,14,18,0.778,7,36,43,26,5,11,11,17,22.0
22013,1612709910,FWN,Fort Wayne Mad Ants,2021300065,2013-12-14,FWN vs. IDA,L,240,94,37,91,0.407,3,19,0.158,17,23,0.739,18,25,43,17,7,2,17,26,-4.0
22013,1610612752,NYK,New York Knicks,0021300345,2013-12-14,NYK vs. ATL,W,239,111,44,87,0.506,8,19,0.421,15,18,0.833,15,17,32,19,14,1,11,16,5.0
22013,1610612747,LAL,Los Angeles Lakers,0021300342,2013-12-14,LAL @ CHA,W,240,88,30,77,0.39,7,20,0.35,21,23,0.913,8,32,40,19,4,8,15,11,3.0
22013,1612709914,RNO,Reno Bighorns,2021300070,2013-12-14,RNO vs. BAK,W,239,105,41,83,0.494,6,15,0.4,17,26,0.654,9,40,49,21,10,4,15,25,7.0
22013,1610612764,WAS,Washington Wizards,0021300343,2013-12-14,WAS vs. LAC,L,241,97,40,81,0.494,3,14,0.214,14,20,0.7,9,24,33,21,6,3,13,26,-16.0
22013,1612709893,CTN,Canton Charge,2021300064,2013-12-14,CTN vs. ERI,W,240,106,38,74,0.514,5,16,0.313,25,31,0.806,9,37,46,24,6,3,17,27,2.0
22013,1612709904,SXF,Sioux Falls Skyforce,2021300067,2013-12-14,SXF vs. TUL,W,240,100,34,74,0.459,7,18,0.389,25,35,0.714,14,28,42,17,15,6,23,19,6.0
22013,1612709905,LAD,Los Angeles D-Fenders,2021300069,2013-12-14,LAD vs. SCW,W,239,124,42,98,0.429,17,46,0.37,23,31,0.742,14,28,42,30,17,10,17,16,6.0
22013,1612709903,IDA,Idaho Stampede,2021300065,2013-12-14,IDA @ FWN,W,240,98,34,68,0.5,8,21,0.381,22,30,0.733,9,30,39,12,5,4,21,23,4.0
22013,1610612755,PHI,Philadelphia 76ers,0021300347,2013-12-14,PHI vs. POR,L,241,105,39,87,0.448,9,15,0.6,18,26,0.692,9,24,33,26,9,5,14,15,-34.0
22013,1610612738,BOS,Boston Celtics,0021300333,2013-12-13,BOS vs. NYK,W,240,90,33,68,0.485,7,21,0.333,17,25,0.68,6,36,42,17,1,5,15,19,4.0
22013,1610612760,OKC,Oklahoma City Thunder,0021300336,2013-12-13,OKC vs. LAL,W,240,122,47,99,0.475,8,25,0.32,20,23,0.87,20,39,59,34,14,8,14,25,25.0
22013,1610612766,CHA,Charlotte Bobcats,0021300329,2013-12-13,CHA @ IND,L,240,94,39,83,0.47,4,12,0.333,12,17,0.706,8,30,38,19,5,4,11,19,-5.0
22013,1610612755,PHI,Philadelphia 76ers,0021300331,2013-12-13,PHI @ TOR,L,240,100,37,84,0.44,9,23,0.391,17,21,0.81,12,30,42,19,7,5,17,18,-8.0
22013,1610612737,ATL,Atlanta Hawks,0021300332,2013-12-13,ATL vs. WAS,W,265,101,38,89,0.427,7,21,0.333,18,24,0.75,11,35,46,27,10,1,15,14,2.0
22013,1610612745,HOU,Houston Rockets,0021300341,2013-12-13,HOU @ GSW,W,240,116,39,79,0.494,12,29,0.414,26,35,0.743,7,25,32,20,10,3,15,23,4.0
22013,1610612759,SAS,San Antonio Spurs,0021300338,2013-12-13,SAS vs. MIN,W,238,117,48,87,0.552,10,22,0.455,11,13,0.846,7,35,42,32,8,7,13,18,7.0
22013,1610612740,NOP,New Orleans Pelicans,0021300335,2013-12-13,NOP vs. MEM,W,239,104,39,76,0.513,9,22,0.409,17,20,0.85,8,23,31,22,3,5,6,12,6.0
22013,1610612747,LAL,Los Angeles Lakers,0021300336,2013-12-13,LAL @ OKC,L,239,97,36,87,0.414,7,25,0.28,18,31,0.581,15,26,41,26,7,4,19,17,-25.0
22013,1612709889,TUL,Tulsa 66ers,2021300061,2013-12-13,TUL @ SXF,L,240,91,29,77,0.377,5,23,0.217,28,34,0.824,12,29,41,17,8,5,24,20,-20.0
22013,1610612749,MIL,Milwaukee Bucks,0021300337,2013-12-13,MIL vs. CHI,L,240,90,33,74,0.446,4,10,0.4,20,25,0.8,13,25,38,18,6,8,14,19,-1.0
22013,1610612762,UTA,Utah Jazz,0021300339,2013-12-13,UTA @ DEN,W,240,103,38,84,0.452,8,21,0.381,19,20,0.95,11,33,44,24,6,6,10,21,10.0
22013,1612709904,SXF,Sioux Falls Skyforce,2021300061,2013-12-13,SXF vs. TUL,W,240,111,44,82,0.537,9,21,0.429,14,22,0.636,11,35,46,24,6,4,23,24,20.0
22013,1612709918,TEX,Texas Legends,2021300062,2013-12-13,TEX vs. RGV,W,243,125,45,97,0.464,17,36,0.472,18,27,0.667,18,35,53,27,14,10,20,21,9.0
22013,1612709917,SPG,Springfield Armor,2021300059,2013-12-13,SPG @ MNE,W,240,92,37,79,0.468,6,11,0.545,12,20,0.6,8,36,44,15,14,8,19,22,11.0
22013,1610612750,MIN,Minnesota Timberwolves,0021300338,2013-12-13,MIN @ SAS,L,239,110,38,88,0.432,11,23,0.478,23,26,0.885,10,31,41,22,9,4,12,12,-7.0
22013,1610612741,CHI,Chicago Bulls,0021300337,2013-12-13,CHI @ MIL,W,240,91,34,81,0.42,7,24,0.292,16,19,0.842,17,27,44,26,8,6,15,22,1.0
22013,1610612765,DET,Detroit Pistons,0021300334,2013-12-13,DET vs. BKN,W,238,103,39,83,0.47,3,10,0.3,22,31,0.71,9,34,43,23,2,4,13,21,4.0
22013,1610612739,CLE,Cleveland Cavaliers,0021300330,2013-12-13,CLE @ ORL,W,240,109,42,87,0.483,8,21,0.381,17,20,0.85,7,37,44,18,6,3,10,16,7.0
22013,1610612754,IND,Indiana Pacers,0021300329,2013-12-13,IND vs. CHA,W,241,99,36,76,0.474,8,21,0.381,19,25,0.76,6,38,44,19,6,10,12,21,5.0
22013,1610612758,SAC,Sacramento Kings,0021300340,2013-12-13,SAC @ PHX,L,239,107,38,87,0.437,6,19,0.316,25,29,0.862,17,26,43,12,11,4,15,22,-9.0
22013,1612709913,ERI,Erie BayHawks,2021300060,2013-12-13,ERI @ CTN,L,241,96,41,89,0.461,5,21,0.238,9,15,0.6,10,30,40,16,13,6,18,20,-8.6
22013,1610612743,DEN,Denver Nuggets,0021300339,2013-12-13,DEN vs. UTA,L,242,93,36,85,0.424,7,21,0.333,14,24,0.583,12,34,46,22,7,11,8,23,-10.0
22013,1612709915,MNE,Maine Red Claws,2021300059,2013-12-13,MNE vs. SPG,L,242,81,33,90,0.367,5,25,0.2,10,17,0.588,18,33,51,20,13,10,18,20,-11.0
22013,1612709893,CTN,Canton Charge,2021300060,2013-12-13,CTN vs. ERI,W,241,105,41,76,0.539,5,16,0.313,18,31,0.581,8,33,41,25,8,4,20,14,9.0
22013,1610612756,PHX,Phoenix Suns,0021300340,2013-12-13,PHX vs. SAC,W,240,116,41,83,0.494,12,24,0.5,22,29,0.759,16,27,43,20,11,9,16,20,9.0
22013,1610612753,ORL,Orlando Magic,0021300330,2013-12-13,ORL vs. CLE,L,241,100,37,85,0.435,11,30,0.367,15,16,0.938,8,37,45,22,7,5,12,21,-7.0
22013,1610612751,BKN,Brooklyn Nets,0021300334,2013-12-13,BKN @ DET,L,240,99,36,79,0.456,12,23,0.522,15,20,0.75,7,31,38,24,4,4,12,25,-4.0
22013,1610612763,MEM,Memphis Grizzlies,0021300335,2013-12-13,MEM @ NOP,L,240,98,40,80,0.5,6,15,0.4,12,17,0.706,12,30,42,24,3,2,11,17,-6.0
22013,1610612752,NYK,New York Knicks,0021300333,2013-12-13,NYK @ BOS,L,240,86,32,80,0.4,5,21,0.238,17,19,0.895,9,29,38,20,7,1,6,19,-4.0
22013,1610612761,TOR,Toronto Raptors,0021300331,2013-12-13,TOR vs. PHI,W,242,108,39,82,0.476,10,25,0.4,20,24,0.833,10,37,47,24,8,5,15,19,8.0
22013,1610612764,WAS,Washington Wizards,0021300332,2013-12-13,WAS @ ATL,L,265,99,42,100,0.42,4,14,0.286,11,18,0.611,18,42,60,26,4,3,17,20,-2.0
22013,1612709908,RGV,Rio Grande Valley Vipers,2021300062,2013-12-13,RGV @ TEX,L,239,116,41,104,0.394,13,46,0.283,21,25,0.84,24,31,55,23,11,11,20,21,-9.0
22013,1610612744,GSW,Golden State Warriors,0021300341,2013-12-13,GSW vs. HOU,L,240,112,43,90,0.478,6,22,0.273,20,24,0.833,19,37,56,22,6,6,18,30,-4.0
22013,1612709909,DEL,Delaware 87ers,2021300056,2013-12-12,DEL vs. IDA,L,239,88,27,71,0.38,8,21,0.381,26,30,0.867,9,30,39,9,6,8,21,24,-27.4
22013,1610612746,LAC,Los Angeles Clippers,0021300327,2013-12-12,LAC @ BKN,L,240,93,26,70,0.371,6,24,0.25,35,52,0.673,9,34,43,15,6,1,14,20,-9.0
22013,1610612751,BKN,Brooklyn Nets,0021300327,2013-12-12,BKN vs. LAC,W,240,102,33,74,0.446,8,20,0.4,28,30,0.933,5,37,42,18,5,0,13,31,9.0
22013,1612709890,AUS,Austin Toros,2021300055,2013-12-12,AUS vs. RGV,L,239,100,41,96,0.427,11,31,0.355,7,11,0.636,18,36,54,19,5,17,19,15,-11.0
22013,1612709900,BAK,Bakersfield Jam,2021300058,2013-12-12,BAK vs. SCW,L,239,106,36,73,0.493,9,30,0.3,25,39,0.641,10,41,51,21,6,3,25,20,-6.0
22013,1610612757,POR,Portland Trail Blazers,0021300328,2013-12-12,POR vs. HOU,W,239,111,39,89,0.438,8,27,0.296,25,30,0.833,15,37,52,22,4,7,14,20,7.0
22013,1612709910,FWN,Fort Wayne Mad Ants,2021300057,2013-12-12,FWN vs. IWA,L,241,101,40,110,0.364,6,22,0.273,15,17,0.882,23,31,54,24,12,2,15,25,-2.2
22013,1612709902,SCW,Santa Cruz Warriors,2021300058,2013-12-12,SCW @ BAK,W,241,112,41,94,0.436,9,24,0.375,21,27,0.778,13,28,41,18,9,2,12,29,6.0
22013,1612709908,RGV,Rio Grande Valley Vipers,2021300055,2013-12-12,RGV @ AUS,W,240,111,42,109,0.385,10,31,0.323,17,21,0.81,25,34,59,16,12,4,11,14,11.0
22013,1612709911,IWA,Iowa Energy,2021300057,2013-12-12,IWA @ FWN,W,241,104,33,77,0.429,7,28,0.25,31,39,0.795,11,39,50,11,6,11,21,18,2.6
22013,1610612745,HOU,Houston Rockets,0021300328,2013-12-12,HOU @ POR,L,240,104,40,94,0.426,5,20,0.25,19,24,0.792,15,33,48,16,11,6,8,23,-7.0
22013,1612709903,IDA,Idaho Stampede,2021300056,2013-12-12,IDA @ DEL,W,241,115,38,98,0.388,11,38,0.289,28,33,0.848,26,32,58,16,6,6,14,20,27.0
22013,1610612749,MIL,Milwaukee Bucks,0021300321,2013-12-11,MIL vs. SAS,L,241,77,29,84,0.345,2,15,0.133,17,23,0.739,16,21,37,16,7,4,12,18,-32.0
22013,1610612738,BOS,Boston Celtics,0021300319,2013-12-11,BOS vs. LAC,L,239,88,33,80,0.413,6,17,0.353,16,19,0.842,8,32,40,20,5,5,16,23,-8.0
22013,1610612744,GSW,Golden State Warriors,0021300326,2013-12-11,GSW vs. DAL,W,240,95,37,86,0.43,12,28,0.429,9,15,0.6,14,36,50,20,6,6,18,18,2.0
22013,1610612759,SAS,San Antonio Spurs,0021300321,2013-12-11,SAS @ MIL,W,238,109,46,88,0.523,4,17,0.235,13,17,0.765,17,35,52,25,8,2,15,21,32.0
22013,1610612763,MEM,Memphis Grizzlies,0021300320,2013-12-11,MEM vs. OKC,L,241,100,34,81,0.42,6,15,0.4,26,34,0.765,9,24,33,17,11,3,12,25,-16.0
22013,1612709893,CTN,Canton Charge,2021300054,2013-12-11,CTN vs. TUL,W,255,94,32,85,0.376,3,15,0.2,27,36,0.75,12,43,55,16,3,3,18,20,2.6
22013,1610612750,MIN,Minnesota Timberwolves,0021300322,2013-12-11,MIN vs. PHI,W,241,106,37,96,0.385,7,20,0.35,25,29,0.862,17,28,45,23,9,2,13,15,7.0
22013,1610612755,PHI,Philadelphia 76ers,0021300322,2013-12-11,PHI @ MIN,L,238,99,39,74,0.527,9,20,0.45,12,14,0.857,5,32,37,22,7,7,26,25,-7.0
22013,1610612753,ORL,Orlando Magic,0021300318,2013-12-11,ORL @ CHA,W,240,92,38,90,0.422,7,19,0.368,9,9,1.0,14,38,52,18,6,4,14,17,9.0
22013,1612709903,IDA,Idaho Stampede,2021300053,2013-12-11,IDA @ DEL,W,243,127,46,93,0.495,11,34,0.324,24,36,0.667,17,40,57,32,8,3,17,22,19.0
22013,1610612746,LAC,Los Angeles Clippers,0021300319,2013-12-11,LAC @ BOS,W,240,96,34,76,0.447,6,17,0.353,22,34,0.647,8,29,37,20,9,6,13,17,8.0
22013,1612709909,DEL,Delaware 87ers,2021300053,2013-12-11,DEL vs. IDA,L,241,108,39,85,0.459,8,25,0.32,22,35,0.629,8,31,39,22,11,4,17,26,-19.0
22013,1610612760,OKC,Oklahoma City Thunder,0021300320,2013-12-11,OKC @ MEM,W,241,116,40,71,0.563,9,18,0.5,27,33,0.818,8,34,42,22,8,5,21,27,16.0
22013,1610612742,DAL,Dallas Mavericks,0021300326,2013-12-11,DAL @ GSW,L,240,93,37,88,0.42,8,23,0.348,11,14,0.786,8,35,43,24,9,4,11,15,-2.0
22013,1612709889,TUL,Tulsa 66ers,2021300054,2013-12-11,TUL @ CTN,L,256,91,34,94,0.362,6,25,0.24,17,20,0.85,12,35,47,18,9,3,12,30,-3.0
22013,1610612741,CHI,Chicago Bulls,0021300324,2013-12-11,CHI @ NYK,L,241,78,24,72,0.333,6,21,0.286,24,29,0.828,16,32,48,12,9,7,22,19,-5.0
22013,1610612765,DET,Detroit Pistons,0021300323,2013-12-11,DET @ NOP,L,264,106,42,96,0.438,5,21,0.238,17,27,0.63,15,28,43,17,10,6,13,19,-5.0
22013,1610612752,NYK,New York Knicks,0021300324,2013-12-11,NYK vs. CHI,W,241,83,31,76,0.408,5,19,0.263,16,19,0.842,10,29,39,17,16,7,13,21,5.0
22013,1610612762,UTA,Utah Jazz,0021300325,2013-12-11,UTA @ SAC,W,239,122,48,89,0.539,13,23,0.565,13,15,0.867,12,27,39,35,7,8,6,27,21.0
22013,1610612758,SAC,Sacramento Kings,0021300325,2013-12-11,SAC vs. UTA,L,239,101,35,78,0.449,4,13,0.308,27,33,0.818,13,27,40,13,2,4,12,20,-21.0
22013,1610612740,NOP,New Orleans Pelicans,0021300323,2013-12-11,NOP vs. DET,W,265,111,38,84,0.452,9,23,0.391,26,32,0.813,16,35,51,23,10,7,15,22,5.0
22013,1610612766,CHA,Charlotte Bobcats,0021300318,2013-12-11,CHA vs. ORL,L,240,83,31,84,0.369,4,17,0.235,17,18,0.944,9,32,41,23,6,7,10,14,-9.0
22013,1612709914,RNO,Reno Bighorns,2021300051,2013-12-10,RNO @ RGV,L,240,114,42,93,0.452,9,29,0.31,21,25,0.84,15,35,50,23,6,3,18,22,-1.0
22013,1610612739,CLE,Cleveland Cavaliers,0021300310,2013-12-10,CLE vs. NYK,W,241,109,42,74,0.568,9,19,0.474,16,22,0.727,9,29,38,25,6,1,12,13,15.0
22013,1610612741,CHI,Chicago Bulls,0021300316,2013-12-10,CHI vs. MIL,L,240,74,31,83,0.373,3,15,0.2,9,14,0.643,13,29,42,21,7,8,18,23,-4.0
22013,1610612748,MIA,Miami Heat,0021300311,2013-12-10,MIA @ IND,L,240,84,33,77,0.429,4,21,0.19,14,20,0.7,6,27,33,20,13,6,12,21,-6.0
22013,1610612750,MIN,Minnesota Timberwolves,0021300315,2013-12-10,MIN @ DET,W,240,121,41,85,0.482,11,24,0.458,28,33,0.848,14,32,46,31,12,0,12,16,27.0
22013,1612709908,RGV,Rio Grande Valley Vipers,2021300051,2013-12-10,RGV vs. RNO,W,240,115,39,93,0.419,12,50,0.24,25,30,0.833,19,24,43,22,10,7,12,25,1.0
22013,1610612752,NYK,New York Knicks,0021300310,2013-12-10,NYK @ CLE,L,240,94,40,87,0.46,10,31,0.323,4,5,0.8,9,22,31,27,4,5,13,19,-15.0
22013,1610612737,ATL,Atlanta Hawks,0021300313,2013-12-10,ATL vs. OKC,L,241,92,31,87,0.356,9,26,0.346,21,27,0.778,12,33,45,24,10,5,15,22,-9.0
22013,1610612756,PHX,Phoenix Suns,0021300317,2013-12-10,PHX @ LAL,W,240,114,44,85,0.518,7,23,0.304,19,21,0.905,10,33,43,24,6,3,13,22,6.0
22013,1610612760,OKC,Oklahoma City Thunder,0021300313,2013-12-10,OKC @ ATL,W,239,101,38,86,0.442,4,18,0.222,21,28,0.75,10,44,54,27,8,7,16,19,9.0
22013,1610612759,SAS,San Antonio Spurs,0021300312,2013-12-10,SAS @ TOR,W,239,116,45,82,0.549,13,23,0.565,13,16,0.813,8,28,36,30,8,3,14,18,13.0
22013,1612709900,BAK,Bakersfield Jam,2021300052,2013-12-10,BAK vs. SCW,L,240,103,40,89,0.449,11,31,0.355,12,20,0.6,11,29,40,26,10,7,18,17,-8.0
22013,1610612761,TOR,Toronto Raptors,0021300312,2013-12-10,TOR vs. SAS,L,239,103,38,83,0.458,10,23,0.435,17,19,0.895,11,27,38,23,6,3,17,18,-13.0
22013,1610612747,LAL,Los Angeles Lakers,0021300317,2013-12-10,LAL vs. PHX,L,241,108,39,80,0.488,5,19,0.263,25,32,0.781,7,26,33,22,7,3,11,20,-6.0
22013,1610612751,BKN,Brooklyn Nets,0021300314,2013-12-10,BKN vs. BOS,W,241,104,39,70,0.557,3,12,0.25,23,28,0.821,8,34,42,19,4,2,13,16,8.0
22013,1612709902,SCW,Santa Cruz Warriors,2021300052,2013-12-10,SCW @ BAK,W,240,111,42,83,0.506,8,17,0.471,19,25,0.76,12,36,48,23,14,8,19,22,7.2
22013,1610612765,DET,Detroit Pistons,0021300315,2013-12-10,DET vs. MIN,L,241,94,39,83,0.47,8,28,0.286,8,16,0.5,11,28,39,22,4,5,20,24,-27.0
22013,1610612749,MIL,Milwaukee Bucks,0021300316,2013-12-10,MIL @ CHI,W,239,78,30,75,0.4,2,11,0.182,16,20,0.8,12,27,39,14,7,11,15,16,4.0
22013,1610612754,IND,Indiana Pacers,0021300311,2013-12-10,IND vs. MIA,W,240,90,34,67,0.507,5,15,0.333,17,25,0.68,9,34,43,22,7,2,21,21,6.0
22013,1610612738,BOS,Boston Celtics,0021300314,2013-12-10,BOS @ BKN,L,238,96,35,80,0.438,11,22,0.5,15,21,0.714,10,25,35,14,8,1,9,22,-8.0
22013,1610612757,POR,Portland Trail Blazers,0021300308,2013-12-09,POR @ UTA,W,240,105,40,85,0.471,6,19,0.316,19,20,0.95,11,33,44,23,6,6,11,19,11.0
22013,1610612764,WAS,Washington Wizards,0021300306,2013-12-09,WAS vs. DEN,L,240,74,32,89,0.36,5,24,0.208,5,9,0.556,16,30,46,18,10,7,14,16,-1.0
22013,1610612743,DEN,Denver Nuggets,0021300306,2013-12-09,DEN @ WAS,W,240,75,30,73,0.411,7,21,0.333,8,14,0.571,12,36,48,19,10,4,20,16,1.0
22013,1610612762,UTA,Utah Jazz,0021300308,2013-12-09,UTA vs. POR,L,240,94,36,82,0.439,1,7,0.143,21,23,0.913,11,32,43,13,6,5,12,15,-11.0
22013,1610612763,MEM,Memphis Grizzlies,0021300307,2013-12-09,MEM vs. ORL,W,240,94,36,86,0.419,10,17,0.588,12,17,0.706,11,41,52,23,4,4,14,21,9.0
22013,1610612755,PHI,Philadelphia 76ers,0021300305,2013-12-09,PHI vs. LAC,L,240,83,33,92,0.359,3,21,0.143,14,19,0.737,14,36,50,26,7,0,16,26,-11.0
22013,1610612742,DAL,Dallas Mavericks,0021300309,2013-12-09,DAL @ SAC,L,240,97,37,95,0.389,5,27,0.185,18,20,0.9,9,30,39,22,14,4,16,25,-15.0
22013,1610612746,LAC,Los Angeles Clippers,0021300305,2013-12-09,LAC @ PHI,W,240,94,35,82,0.427,5,27,0.185,19,29,0.655,9,40,49,20,10,4,12,22,11.0
22013,1610612766,CHA,Charlotte Bobcats,0021300304,2013-12-09,CHA vs. GSW,W,239,115,43,94,0.457,6,12,0.5,23,29,0.793,7,39,46,22,6,4,7,16,4.0
22013,1610612753,ORL,Orlando Magic,0021300307,2013-12-09,ORL @ MEM,L,240,85,30,75,0.4,6,22,0.273,19,20,0.95,3,32,35,12,7,8,12,15,-9.0
22013,1610612744,GSW,Golden State Warriors,0021300304,2013-12-09,GSW @ CHA,L,239,111,41,90,0.456,11,37,0.297,18,22,0.818,10,43,53,20,3,6,15,24,-4.0
22013,1610612758,SAC,Sacramento Kings,0021300309,2013-12-09,SAC vs. DAL,W,240,112,38,81,0.469,9,25,0.36,27,34,0.794,11,40,51,23,10,4,21,23,15.0
22013,1610612747,LAL,Los Angeles Lakers,0021300303,2013-12-08,LAL vs. TOR,L,239,94,34,79,0.43,9,28,0.321,17,20,0.85,8,32,40,22,7,3,19,23,-12.0
22013,1610612752,NYK,New York Knicks,0021300299,2013-12-08,NYK vs. BOS,L,241,73,25,73,0.342,6,16,0.375,17,23,0.739,4,22,26,13,10,3,14,18,-41.0
22013,1610612745,HOU,Houston Rockets,0021300301,2013-12-08,HOU vs. ORL,W,241,98,32,76,0.421,10,33,0.303,24,42,0.571,15,45,60,22,5,10,18,20,10.0
22013,1612709911,IWA,Iowa Energy,2021300048,2013-12-08,IWA vs. RGV,L,241,123,49,110,0.445,14,43,0.326,11,18,0.611,16,33,49,18,5,6,11,14,-10.0
22013,1610612765,DET,Detroit Pistons,0021300300,2013-12-08,DET vs. MIA,L,240,95,36,85,0.424,7,20,0.35,16,22,0.727,16,27,43,17,10,2,17,21,-15.0
22013,1610612754,IND,Indiana Pacers,0021300302,2013-12-08,IND @ OKC,L,241,94,34,85,0.4,7,21,0.333,19,21,0.905,9,20,29,13,9,4,13,18,-24.0
22013,1610612738,BOS,Boston Celtics,0021300299,2013-12-08,BOS @ NYK,W,239,114,39,72,0.542,14,25,0.56,22,27,0.815,7,39,46,22,9,3,16,19,41.0
22013,1610612761,TOR,Toronto Raptors,0021300303,2013-12-08,TOR @ LAL,W,240,106,40,82,0.488,4,26,0.154,22,25,0.88,6,32,38,19,11,4,11,18,12.0
22013,1612709914,RNO,Reno Bighorns,2021300047,2013-12-08,RNO @ AUS,L,240,87,33,78,0.423,2,15,0.133,19,23,0.826,17,20,37,11,13,3,24,21,-29.0
22013,1612709889,TUL,Tulsa 66ers,2021300049,2013-12-08,TUL vs. TEX,L,238,98,37,78,0.474,4,16,0.25,20,24,0.833,13,29,42,12,9,3,19,30,-5.0
22013,1610612753,ORL,Orlando Magic,0021300301,2013-12-08,ORL @ HOU,L,239,88,32,93,0.344,8,29,0.276,16,28,0.571,15,28,43,14,13,7,7,29,-10.0
22013,1610612760,OKC,Oklahoma City Thunder,0021300302,2013-12-08,OKC vs. IND,W,240,118,47,77,0.61,5,13,0.385,19,20,0.95,10,36,46,27,6,8,18,24,24.0
22013,1612709908,RGV,Rio Grande Valley Vipers,2021300048,2013-12-08,RGV @ IWA,W,240,133,53,102,0.52,20,44,0.455,7,7,1.0,12,41,53,30,6,9,18,17,10.0
22013,1612709915,MNE,Maine Red Claws,2021300046,2013-12-08,MNE @ SPG,W,241,93,33,75,0.44,6,24,0.25,21,37,0.568,9,30,39,12,7,6,13,19,3.6
22013,1612709893,CTN,Canton Charge,2021300050,2013-12-08,CTN @ DEL,L,240,112,40,83,0.482,3,15,0.2,29,41,0.707,12,32,44,15,11,4,16,25,-9.0
22013,1610612748,MIA,Miami Heat,0021300300,2013-12-08,MIA @ DET,W,239,110,40,72,0.556,11,28,0.393,19,21,0.905,5,29,34,26,8,3,17,18,15.0
22013,1612709909,DEL,Delaware 87ers,2021300050,2013-12-08,DEL vs. CTN,W,240,121,41,84,0.488,18,36,0.5,21,27,0.778,8,32,40,24,10,8,18,28,9.0
22013,1612709918,TEX,Texas Legends,2021300049,2013-12-08,TEX @ TUL,W,240,103,34,76,0.447,6,16,0.375,29,35,0.829,10,25,35,14,8,3,17,21,5.0
22013,1612709917,SPG,Springfield Armor,2021300046,2013-12-08,SPG vs. MNE,L,239,89,37,89,0.416,2,13,0.154,13,17,0.765,19,26,45,10,7,7,14,25,-4.0
22013,1612709890,AUS,Austin Toros,2021300047,2013-12-08,AUS vs. RNO,W,240,116,43,81,0.531,13,24,0.542,17,25,0.68,17,24,41,24,13,8,22,23,30.0
22013,1612709893,CTN,Canton Charge,2021300042,2013-12-07,CTN @ ERI,W,240,95,36,84,0.429,3,14,0.214,20,27,0.741,16,35,51,17,9,4,17,28,7.0
22013,1610612754,IND,Indiana Pacers,0021300296,2013-12-07,IND @ SAS,W,241,111,38,71,0.535,9,19,0.474,26,28,0.929,8,33,41,22,8,3,14,16,11.0
22013,1610612748,MIA,Miami Heat,0021300294,2013-12-07,MIA @ MIN,W,242,103,43,78,0.551,4,18,0.222,13,19,0.684,7,37,44,23,11,8,20,28,21.0
22013,1610612751,BKN,Brooklyn Nets,0021300295,2013-12-07,BKN @ MIL,W,242,90,34,74,0.459,5,18,0.278,17,23,0.739,11,30,41,16,6,6,8,21,8.0
22013,1610612759,SAS,San Antonio Spurs,0021300296,2013-12-07,SAS vs. IND,L,240,100,41,91,0.451,13,26,0.5,5,6,0.833,10,24,34,24,6,1,11,21,-11.0
22013,1612709905,LAD,Los Angeles D-Fenders,2021300045,2013-12-07,LAD vs. BAK,L,240,108,40,90,0.444,12,29,0.414,16,17,0.941,9,32,41,30,12,9,14,19,-2.0
22013,1612709900,BAK,Bakersfield Jam,2021300045,2013-12-07,BAK @ LAD,W,239,110,41,85,0.482,12,25,0.48,16,21,0.762,14,37,51,27,9,5,20,19,2.0
22013,1610612757,POR,Portland Trail Blazers,0021300298,2013-12-07,POR vs. DAL,L,239,106,39,87,0.448,9,30,0.3,19,24,0.792,17,33,50,22,4,3,16,13,-2.0
22013,1612709910,FWN,Fort Wayne Mad Ants,2021300043,2013-12-07,FWN @ SXF,L,254,110,36,85,0.424,8,23,0.348,30,42,0.714,14,33,47,14,13,3,17,35,-4.0
22013,1610612743,DEN,Denver Nuggets,0021300290,2013-12-07,DEN @ PHI,W,241,103,35,83,0.422,7,22,0.318,26,34,0.765,20,32,52,21,8,4,11,17,11.0
22013,1612709915,MNE,Maine Red Claws,2021300041,2013-12-07,MNE vs. IDA,L,240,90,32,89,0.36,6,32,0.188,20,28,0.714,19,32,51,17,13,7,24,18,-11.0
22013,1610612755,PHI,Philadelphia 76ers,0021300290,2013-12-07,PHI vs. DEN,L,240,92,40,88,0.455,3,16,0.188,9,14,0.643,11,27,38,19,4,4,13,24,-11.0
22013,1612709913,ERI,Erie BayHawks,2021300042,2013-12-07,ERI vs. CTN,L,240,88,31,72,0.431,4,16,0.25,22,29,0.759,4,31,35,12,2,3,17,24,-7.0
22013,1612709904,SXF,Sioux Falls Skyforce,2021300043,2013-12-07,SXF vs. FWN,W,255,114,38,81,0.469,13,23,0.565,25,39,0.641,16,31,47,17,9,4,21,32,4.0
22013,1610612746,LAC,Los Angeles Clippers,0021300291,2013-12-07,LAC @ CLE,L,239,82,28,87,0.322,7,35,0.2,19,26,0.731,10,35,45,24,9,7,13,21,-6.0
22013,1610612749,MIL,Milwaukee Bucks,0021300295,2013-12-07,MIL vs. BKN,L,239,82,30,73,0.411,7,20,0.35,15,22,0.682,8,28,36,20,3,3,11,19,-8.0
22013,1612709903,IDA,Idaho Stampede,2021300041,2013-12-07,IDA @ MNE,W,241,101,42,87,0.483,7,23,0.304,10,14,0.714,11,34,45,22,14,6,24,24,11.0
22013,1612709918,TEX,Texas Legends,2021300044,2013-12-07,TEX vs. AUS,L,240,99,34,72,0.472,12,25,0.48,19,25,0.76,3,37,40,19,7,7,21,15,-8.0
22013,1610612742,DAL,Dallas Mavericks,0021300298,2013-12-07,DAL @ POR,W,239,108,46,87,0.529,8,16,0.5,8,11,0.727,7,29,36,26,7,3,12,21,2.0
22013,1610612763,MEM,Memphis Grizzlies,0021300293,2013-12-07,MEM vs. GSW,L,240,82,31,85,0.365,2,10,0.2,18,22,0.818,17,23,40,13,8,6,8,10,-26.0
22013,1610612741,CHI,Chicago Bulls,0021300292,2013-12-07,CHI vs. DET,L,239,75,30,90,0.333,3,18,0.167,12,15,0.8,11,33,44,17,8,7,13,11,-17.0
22013,1610612758,SAC,Sacramento Kings,0021300297,2013-12-07,SAC @ UTA,W,266,112,39,94,0.415,3,15,0.2,31,38,0.816,13,36,49,26,11,7,10,26,10.0
22013,1610612750,MIN,Minnesota Timberwolves,0021300294,2013-12-07,MIN vs. MIA,L,238,82,24,82,0.293,5,22,0.227,29,39,0.744,17,28,45,13,11,1,18,15,-21.0
22013,1610612765,DET,Detroit Pistons,0021300292,2013-12-07,DET @ CHI,W,239,92,34,80,0.425,12,19,0.632,12,15,0.8,13,38,51,15,8,9,18,20,17.0
22013,1610612762,UTA,Utah Jazz,0021300297,2013-12-07,UTA vs. SAC,L,266,102,36,89,0.404,8,19,0.421,22,30,0.733,12,38,50,20,5,9,16,32,-10.0
22013,1610612744,GSW,Golden State Warriors,0021300293,2013-12-07,GSW @ MEM,W,239,108,44,88,0.5,8,18,0.444,12,14,0.857,15,32,47,24,6,5,10,20,26.0
22013,1612709890,AUS,Austin Toros,2021300044,2013-12-07,AUS @ TEX,W,240,108,45,93,0.484,9,20,0.45,9,14,0.643,8,33,41,29,9,3,10,16,8.0
22013,1610612739,CLE,Cleveland Cavaliers,0021300291,2013-12-07,CLE vs. LAC,W,240,88,31,83,0.373,4,14,0.286,22,30,0.733,16,44,60,18,5,3,15,21,6.0
22013,1610612753,ORL,Orlando Magic,0021300284,2013-12-06,ORL @ NYK,L,241,83,30,70,0.429,10,25,0.4,13,20,0.65,4,27,31,19,5,3,12,19,-38.0
22013,1610612755,PHI,Philadelphia 76ers,0021300280,2013-12-06,PHI @ CHA,L,240,88,37,92,0.402,6,27,0.222,8,13,0.615,11,39,50,21,4,4,15,20,-17.0
22013,1610612738,BOS,Boston Celtics,0021300283,2013-12-06,BOS vs. DEN,W,242,106,43,83,0.518,6,20,0.3,14,18,0.778,10,27,37,25,5,6,9,18,8.0
22013,1610612740,NOP,New Orleans Pelicans,0021300286,2013-12-06,NOP vs. OKC,L,239,95,33,88,0.375,3,16,0.188,26,34,0.765,19,30,49,19,9,3,16,21,-14.0
22013,1612709889,TUL,Tulsa 66ers,2021300038,2013-12-06,TUL vs. DEL,L,239,90,39,91,0.429,4,18,0.222,8,11,0.727,22,29,51,13,8,7,23,19,-9.0
22013,1610612744,GSW,Golden State Warriors,0021300285,2013-12-06,GSW @ HOU,L,239,83,27,76,0.355,2,16,0.125,27,34,0.794,10,33,43,10,9,3,22,27,-22.0
22013,1612709900,BAK,Bakersfield Jam,2021300040,2013-12-06,BAK vs. LAD,W,240,104,36,82,0.439,5,18,0.278,27,34,0.794,13,41,54,23,8,3,22,20,4.0
22013,1610612752,NYK,New York Knicks,0021300284,2013-12-06,NYK vs. ORL,W,242,121,44,83,0.53,17,34,0.5,16,19,0.842,10,35,45,25,8,5,10,20,38.0
22013,1610612747,LAL,Los Angeles Lakers,0021300289,2013-12-06,LAL @ SAC,W,240,106,41,86,0.477,12,32,0.375,12,18,0.667,10,26,36,24,10,7,12,20,6.0
22013,1610612749,MIL,Milwaukee Bucks,0021300281,2013-12-06,MIL @ WAS,W,265,109,42,92,0.457,6,20,0.3,19,26,0.731,12,36,48,24,6,3,15,25,4.0
22013,1612709903,IDA,Idaho Stampede,2021300036,2013-12-06,IDA @ SPG,W,240,117,41,77,0.532,15,33,0.455,20,29,0.69,8,25,33,22,11,4,17,22,10.0
22013,1610612764,WAS,Washington Wizards,0021300281,2013-12-06,WAS vs. MIL,L,263,105,33,83,0.398,8,27,0.296,31,41,0.756,13,33,46,22,12,10,14,26,-4.0
22013,1610612758,SAC,Sacramento Kings,0021300289,2013-12-06,SAC vs. LAL,L,239,100,37,86,0.43,10,22,0.455,16,22,0.727,18,33,51,25,10,4,15,19,-6.0
22013,1612709917,SPG,Springfield Armor,2021300036,2013-12-06,SPG vs. IDA,L,241,107,42,76,0.553,5,14,0.357,18,25,0.72,8,27,35,20,8,4,21,25,-10.0
22013,1610612760,OKC,Oklahoma City Thunder,0021300286,2013-12-06,OKC @ NOP,W,240,109,39,77,0.506,7,21,0.333,24,30,0.8,7,34,41,20,9,11,14,22,14.0
22013,1612709905,LAD,Los Angeles D-Fenders,2021300040,2013-12-06,LAD @ BAK,L,240,100,37,92,0.402,10,31,0.323,16,20,0.8,9,30,39,21,13,9,16,24,-4.0
22013,1612709911,IWA,Iowa Energy,2021300037,2013-12-06,IWA @ ERI,W,240,120,42,91,0.462,8,25,0.32,28,34,0.824,9,26,35,23,15,14,16,18,10.0
22013,1610612743,DEN,Denver Nuggets,0021300283,2013-12-06,DEN @ BOS,L,239,98,34,77,0.442,6,17,0.353,24,29,0.828,15,27,42,11,4,4,14,19,-8.0
22013,1612709913,ERI,Erie BayHawks,2021300037,2013-12-06,ERI vs. IWA,L,241,110,46,99,0.465,3,14,0.214,15,19,0.789,19,34,53,17,7,7,24,26,-10.0
22013,1612709902,SCW,Santa Cruz Warriors,2021300039,2013-12-06,SCW @ RNO,L,239,122,43,94,0.457,8,19,0.421,28,38,0.737,16,25,41,24,7,6,12,26,-7.0
22013,1610612756,PHX,Phoenix Suns,0021300287,2013-12-06,PHX vs. TOR,W,240,106,37,82,0.451,9,23,0.391,23,32,0.719,18,35,53,16,4,4,16,27,9.0
22013,1610612762,UTA,Utah Jazz,0021300288,2013-12-06,UTA @ POR,L,238,98,39,93,0.419,4,11,0.364,16,19,0.842,18,21,39,17,17,3,16,22,-32.0
22013,1610612757,POR,Portland Trail Blazers,0021300288,2013-12-06,POR vs. UTA,W,239,130,46,83,0.554,17,23,0.739,21,24,0.875,17,33,50,26,9,5,21,17,32.0
22013,1612709914,RNO,Reno Bighorns,2021300039,2013-12-06,RNO vs. SCW,W,240,129,45,89,0.506,10,21,0.476,29,39,0.744,17,30,47,22,6,6,17,31,7.0
22013,1610612737,ATL,Atlanta Hawks,0021300282,2013-12-06,ATL vs. CLE,W,239,108,47,91,0.516,8,23,0.348,6,11,0.545,14,36,50,31,6,3,12,18,19.0
22013,1610612739,CLE,Cleveland Cavaliers,0021300282,2013-12-06,CLE @ ATL,L,241,89,38,94,0.404,5,20,0.25,8,17,0.471,16,31,47,19,4,2,11,11,-19.0
22013,1610612761,TOR,Toronto Raptors,0021300287,2013-12-06,TOR @ PHX,L,240,97,35,87,0.402,5,19,0.263,22,25,0.88,11,25,36,15,7,5,8,26,-9.0
22013,1612709909,DEL,Delaware 87ers,2021300038,2013-12-06,DEL @ TUL,W,242,99,32,79,0.405,12,31,0.387,23,27,0.852,8,26,34,21,9,5,17,15,9.0
22013,1610612745,HOU,Houston Rockets,0021300285,2013-12-06,HOU vs. GSW,W,241,105,37,83,0.446,6,28,0.214,25,39,0.641,14,38,52,15,14,9,15,21,22.0
22013,1610612766,CHA,Charlotte Bobcats,0021300280,2013-12-06,CHA vs. PHI,W,240,105,42,91,0.462,4,21,0.19,17,25,0.68,12,36,48,29,9,7,9,15,17.0
22013,1612709904,SXF,Sioux Falls Skyforce,2021300033,2013-12-05,SXF @ TUL,L,255,80,26,82,0.317,12,42,0.286,16,25,0.64,10,33,43,15,7,6,17,32,-2.0
22013,1612709918,TEX,Texas Legends,2021300035,2013-12-05,TEX @ AUS,W,240,123,49,93,0.527,11,20,0.55,14,16,0.875,14,32,46,20,6,6,16,19,27.0
22013,1610612746,LAC,Los Angeles Clippers,0021300278,2013-12-05,LAC @ MEM,W,242,101,38,80,0.475,11,20,0.55,14,18,0.778,10,30,40,22,6,5,15,24,20.0
22013,1610612763,MEM,Memphis Grizzlies,0021300278,2013-12-05,MEM vs. LAC,L,240,81,29,77,0.377,3,13,0.231,20,26,0.769,11,27,38,16,8,1,16,19,-20.0
22013,1612709890,AUS,Austin Toros,2021300035,2013-12-05,AUS vs. TEX,L,241,96,39,85,0.459,6,19,0.316,12,18,0.667,13,23,36,16,3,4,18,17,-27.0
22013,1610612748,MIA,Miami Heat,0021300279,2013-12-05,MIA @ CHI,L,242,87,32,77,0.416,6,22,0.273,17,24,0.708,6,21,27,16,9,5,9,25,-20.0
22013,1612709889,TUL,Tulsa 66ers,2021300033,2013-12-05,TUL vs. SXF,W,255,82,24,71,0.338,4,14,0.286,30,39,0.769,9,40,49,12,7,6,16,25,2.0
22013,1612709909,DEL,Delaware 87ers,2021300034,2013-12-05,DEL @ RGV,L,241,126,45,91,0.495,10,28,0.357,26,36,0.722,15,31,46,22,11,11,22,26,-13.0
22013,1610612741,CHI,Chicago Bulls,0021300279,2013-12-05,CHI vs. MIA,W,240,107,37,74,0.5,10,19,0.526,23,32,0.719,13,36,49,24,3,2,15,20,20.0
22013,1610612752,NYK,New York Knicks,0021300277,2013-12-05,NYK @ BKN,W,242,113,44,77,0.571,16,27,0.593,9,11,0.818,7,23,30,24,11,7,12,29,30.0
22013,1612709908,RGV,Rio Grande Valley Vipers,2021300034,2013-12-05,RGV vs. DEL,W,239,139,46,92,0.5,21,54,0.389,26,30,0.867,11,30,41,30,10,10,19,24,13.0
22013,1610612751,BKN,Brooklyn Nets,0021300277,2013-12-05,BKN vs. NYK,L,241,83,29,73,0.397,4,16,0.25,21,31,0.677,15,20,35,11,3,3,16,25,-30.0
22013,1610612742,DAL,Dallas Mavericks,0021300273,2013-12-04,DAL @ NOP,W,239,100,37,86,0.43,11,24,0.458,15,22,0.682,8,30,38,25,8,8,7,16,3.0
22013,1610612740,NOP,New Orleans Pelicans,0021300273,2013-12-04,NOP vs. DAL,L,241,97,38,94,0.404,7,22,0.318,14,15,0.933,18,40,58,21,5,2,16,17,-3.0
22013,1610612756,PHX,Phoenix Suns,0021300271,2013-12-04,PHX @ HOU,W,240,97,36,79,0.456,11,24,0.458,14,19,0.737,8,32,40,17,13,6,18,23,9.0
22013,1610612737,ATL,Atlanta Hawks,0021300270,2013-12-04,ATL vs. LAC,W,241,107,42,82,0.512,12,23,0.522,11,16,0.688,8,32,40,28,4,4,11,22,10.0
22013,1610612745,HOU,Houston Rockets,0021300271,2013-12-04,HOU vs. PHX,L,241,88,31,88,0.352,9,31,0.29,17,19,0.895,21,33,54,13,8,1,22,20,-9.0
22013,1610612760,OKC,Oklahoma City Thunder,0021300276,2013-12-04,OKC @ POR,L,241,104,39,89,0.438,5,11,0.455,21,24,0.875,13,30,43,11,7,7,13,23,-7.0
22013,1610612746,LAC,Los Angeles Clippers,0021300270,2013-12-04,LAC @ ATL,L,240,97,39,83,0.47,4,19,0.211,15,20,0.75,7,29,36,22,4,2,12,16,-10.0
22013,1610612749,MIL,Milwaukee Bucks,0021300272,2013-12-04,MIL vs. DET,L,241,98,36,91,0.396,9,27,0.333,17,22,0.773,15,28,43,25,10,13,17,29,-7.0
22013,1610612762,UTA,Utah Jazz,0021300274,2013-12-04,UTA vs. IND,L,240,86,33,80,0.413,4,11,0.364,16,18,0.889,11,29,40,21,5,2,14,20,-9.0
22013,1610612739,CLE,Cleveland Cavaliers,0021300269,2013-12-04,CLE vs. DEN,W,240,98,37,91,0.407,5,14,0.357,19,24,0.792,20,38,58,20,6,13,12,10,10.0
22013,1610612743,DEN,Denver Nuggets,0021300269,2013-12-04,DEN @ CLE,L,241,88,36,92,0.391,6,23,0.261,10,13,0.769,15,28,43,27,6,8,11,22,-10.0
22013,1610612765,DET,Detroit Pistons,0021300272,2013-12-04,DET @ MIL,W,241,105,33,86,0.384,7,21,0.333,32,42,0.762,21,34,55,21,7,11,15,21,7.0
22013,1610612754,IND,Indiana Pacers,0021300274,2013-12-04,IND @ UTA,W,239,95,40,84,0.476,3,16,0.188,12,15,0.8,7,34,41,24,7,4,8,17,9.0
22013,1610612757,POR,Portland Trail Blazers,0021300276,2013-12-04,POR vs. OKC,W,240,111,44,98,0.449,8,23,0.348,15,17,0.882,16,31,47,22,7,7,11,16,7.0
22013,1610612742,DAL,Dallas Mavericks,0021300266,2013-12-03,DAL vs. CHA,W,240,89,33,82,0.402,8,21,0.381,15,17,0.882,7,38,45,16,3,3,9,18,7.0
22013,1610612766,CHA,Charlotte Bobcats,0021300266,2013-12-03,CHA @ DAL,L,239,82,30,78,0.385,3,17,0.176,19,25,0.76,10,40,50,11,5,4,10,18,-7.0
22013,1610612756,PHX,Phoenix Suns,0021300265,2013-12-03,PHX @ MEM,L,239,91,37,87,0.425,7,29,0.241,10,15,0.667,14,27,41,22,4,5,14,17,-19.0
22013,1610612751,BKN,Brooklyn Nets,0021300263,2013-12-03,BKN vs. DEN,L,240,87,30,75,0.4,2,16,0.125,25,34,0.735,11,26,37,15,7,4,11,19,-24.0
22013,1610612743,DEN,Denver Nuggets,0021300263,2013-12-03,DEN @ BKN,W,241,111,43,85,0.506,7,18,0.389,18,28,0.643,17,39,56,23,7,7,10,23,24.0
22013,1610612748,MIA,Miami Heat,0021300264,2013-12-03,MIA vs. DET,L,239,97,36,82,0.439,9,28,0.321,16,23,0.696,13,21,34,19,12,3,19,18,-10.0
22013,1610612760,OKC,Oklahoma City Thunder,0021300267,2013-12-03,OKC @ SAC,W,240,97,36,83,0.434,7,20,0.35,18,20,0.9,10,37,47,21,5,5,15,20,2.0
22013,1610612744,GSW,Golden State Warriors,0021300268,2013-12-03,GSW vs. TOR,W,239,112,40,79,0.506,12,29,0.414,20,25,0.8,9,27,36,27,11,2,12,16,9.0
22013,1610612763,MEM,Memphis Grizzlies,0021300265,2013-12-03,MEM vs. PHX,W,241,110,46,84,0.548,5,14,0.357,13,21,0.619,12,31,43,26,7,7,8,19,19.0
22013,1610612753,ORL,Orlando Magic,0021300261,2013-12-03,ORL @ PHI,L,289,125,47,94,0.5,6,26,0.231,25,32,0.781,8,26,34,28,13,3,18,27,-1.0
22013,1610612749,MIL,Milwaukee Bucks,0021300262,2013-12-03,MIL @ BOS,L,240,100,37,78,0.474,8,18,0.444,18,21,0.857,8,25,33,21,4,6,12,17,-8.0
22013,1610612755,PHI,Philadelphia 76ers,0021300261,2013-12-03,PHI vs. ORL,W,291,126,46,96,0.479,11,29,0.379,23,33,0.697,20,36,56,20,10,4,23,27,1.0
22013,1610612738,BOS,Boston Celtics,0021300262,2013-12-03,BOS vs. MIL,W,240,108,38,77,0.494,11,24,0.458,21,27,0.778,11,29,40,20,7,4,12,23,8.0
22013,1612709909,DEL,Delaware 87ers,2021300032,2013-12-03,DEL @ RGV,L,240,109,39,99,0.394,8,36,0.222,23,36,0.639,17,34,51,20,9,5,19,24,-44.0
22013,1610612761,TOR,Toronto Raptors,0021300268,2013-12-03,TOR @ GSW,L,239,103,40,77,0.519,8,20,0.4,15,18,0.833,9,29,38,17,6,2,18,25,-9.0
22013,1610612765,DET,Detroit Pistons,0021300264,2013-12-03,DET @ MIA,W,242,107,41,80,0.513,7,16,0.438,18,26,0.692,13,33,46,21,11,5,18,19,10.0
22013,1610612758,SAC,Sacramento Kings,0021300267,2013-12-03,SAC vs. OKC,L,242,95,35,89,0.393,10,29,0.345,15,19,0.789,13,28,41,24,9,5,8,18,-2.0
22013,1612709908,RGV,Rio Grande Valley Vipers,2021300032,2013-12-03,RGV vs. DEL,W,241,153,56,101,0.554,23,46,0.5,18,30,0.6,16,46,62,30,12,10,21,23,44.0
22013,1610612740,NOP,New Orleans Pelicans,0021300257,2013-12-02,NOP @ CHI,W,316,131,50,113,0.442,11,23,0.478,20,27,0.741,22,32,54,25,9,5,11,34,3.0
22013,1610612741,CHI,Chicago Bulls,0021300257,2013-12-02,CHI vs. NOP,L,314,128,48,101,0.475,8,23,0.348,24,34,0.706,16,39,55,34,4,7,16,23,-3.0
22013,1610612762,UTA,Utah Jazz,0021300259,2013-12-02,UTA vs. HOU,W,240,109,43,79,0.544,10,17,0.588,13,16,0.813,8,31,39,20,3,2,11,18,6.0
22013,1610612753,ORL,Orlando Magic,0021300256,2013-12-02,ORL @ WAS,L,239,80,30,77,0.39,3,15,0.2,17,19,0.895,9,31,40,14,9,4,16,24,-18.0
22013,1610612759,SAS,San Antonio Spurs,0021300258,2013-12-02,SAS vs. ATL,W,241,102,42,78,0.538,6,18,0.333,12,17,0.706,9,39,48,27,6,8,17,10,2.0
22013,1610612764,WAS,Washington Wizards,0021300256,2013-12-02,WAS vs. ORL,W,240,98,33,73,0.452,9,13,0.692,23,29,0.793,7,35,42,21,5,4,17,22,18.0
22013,1612709918,TEX,Texas Legends,2021300031,2013-12-02,TEX @ RGV,L,240,116,40,102,0.392,9,38,0.237,27,35,0.771,18,29,47,17,14,5,16,14,-29.0
22013,1610612745,HOU,Houston Rockets,0021300259,2013-12-02,HOU @ UTA,L,240,103,40,83,0.482,9,28,0.321,14,20,0.7,11,29,40,18,5,5,8,19,-6.0
22013,1612709908,RGV,Rio Grande Valley Vipers,2021300031,2013-12-02,RGV vs. TEX,W,241,145,56,109,0.514,24,50,0.48,9,12,0.75,22,45,67,23,7,8,22,24,29.0
22013,1610612754,IND,Indiana Pacers,0021300260,2013-12-02,IND @ POR,L,240,102,39,88,0.443,9,22,0.409,15,17,0.882,9,33,42,25,9,2,15,28,-4.0
22013,1610612737,ATL,Atlanta Hawks,0021300258,2013-12-02,ATL @ SAS,L,240,100,42,96,0.438,11,31,0.355,5,5,1.0,10,29,39,22,10,2,10,19,-2.0
22013,1610612757,POR,Portland Trail Blazers,0021300260,2013-12-02,POR vs. IND,W,240,106,36,76,0.474,5,13,0.385,29,33,0.879,6,34,40,17,3,4,14,20,4.0
22013,1612709900,BAK,Bakersfield Jam,2021300030,2013-12-01,BAK vs. LAD,L,240,96,37,91,0.407,7,31,0.226,15,34,0.441,16,46,62,20,5,6,27,30,-35.0
22013,1610612747,LAL,Los Angeles Lakers,0021300255,2013-12-01,LAL vs. POR,L,242,108,40,87,0.46,10,28,0.357,18,23,0.783,9,32,41,25,8,7,9,21,-6.0
22013,1612709909,DEL,Delaware 87ers,2021300028,2013-12-01,DEL @ AUS,L,240,102,39,80,0.488,10,25,0.4,14,20,0.7,9,26,35,18,12,5,26,22,-12.0
22013,1610612746,LAC,Los Angeles Clippers,0021300249,2013-12-01,LAC vs. IND,L,241,100,36,82,0.439,4,15,0.267,24,31,0.774,12,29,41,19,8,2,11,23,-5.0
22013,1610612740,NOP,New Orleans Pelicans,0021300254,2013-12-01,NOP @ NYK,W,240,103,38,77,0.494,10,21,0.476,17,23,0.739,9,23,32,22,10,1,12,19,4.0
22013,1610612754,IND,Indiana Pacers,0021300249,2013-12-01,IND @ LAC,W,240,105,39,89,0.438,8,26,0.308,19,26,0.731,17,33,50,25,5,4,16,25,5.0
22013,1610612744,GSW,Golden State Warriors,0021300251,2013-12-01,GSW @ SAC,W,239,115,42,82,0.512,15,25,0.6,16,22,0.727,10,22,32,22,13,5,18,25,2.0
22013,1610612757,POR,Portland Trail Blazers,0021300255,2013-12-01,POR @ LAL,W,241,114,38,87,0.437,9,23,0.391,29,34,0.853,15,37,52,28,6,1,12,19,6.0
22013,1610612752,NYK,New York Knicks,0021300254,2013-12-01,NYK vs. NOP,L,240,99,34,76,0.447,13,35,0.371,18,21,0.857,13,29,42,23,9,9,17,23,-4.0
22013,1610612743,DEN,Denver Nuggets,0021300248,2013-12-01,DEN @ TOR,W,240,112,44,87,0.506,10,23,0.435,14,19,0.737,14,33,47,29,10,6,15,22,14.0
22013,1612709910,FWN,Fort Wayne Mad Ants,2021300029,2013-12-01,FWN vs. ERI,W,240,97,36,80,0.45,3,11,0.273,22,25,0.88,11,36,47,17,13,2,16,22,7.0
22013,1612709890,AUS,Austin Toros,2021300028,2013-12-01,AUS vs. DEL,W,240,114,44,94,0.468,6,17,0.353,20,22,0.909,22,29,51,18,16,6,22,20,9.6
22013,1610612748,MIA,Miami Heat,0021300252,2013-12-01,MIA vs. CHA,W,240,99,36,69,0.522,8,18,0.444,19,25,0.76,4,30,34,19,8,9,14,19,1.0
22013,1610612765,DET,Detroit Pistons,0021300250,2013-12-01,DET vs. PHI,W,239,115,41,89,0.461,10,28,0.357,23,39,0.59,16,41,57,26,12,7,23,20,15.0
22013,1610612760,OKC,Oklahoma City Thunder,0021300253,2013-12-01,OKC vs. MIN,W,241,113,49,87,0.563,9,19,0.474,6,9,0.667,8,35,43,26,8,10,15,22,10.0
22013,1612709905,LAD,Los Angeles D-Fenders,2021300030,2013-12-01,LAD @ BAK,W,238,131,47,106,0.443,10,32,0.313,27,35,0.771,12,40,52,27,21,10,9,31,35.0
22013,1610612761,TOR,Toronto Raptors,0021300248,2013-12-01,TOR vs. DEN,L,239,98,35,87,0.402,8,22,0.364,20,26,0.769,14,28,42,18,8,6,13,20,-14.0
22013,1610612750,MIN,Minnesota Timberwolves,0021300253,2013-12-01,MIN @ OKC,L,239,103,37,89,0.416,9,29,0.31,20,26,0.769,15,31,46,22,12,2,12,14,-10.0
22013,1610612766,CHA,Charlotte Bobcats,0021300252,2013-12-01,CHA @ MIA,L,240,98,35,76,0.461,4,15,0.267,24,28,0.857,6,33,39,16,8,2,14,20,-1.0
22013,1612709913,ERI,Erie BayHawks,2021300029,2013-12-01,ERI @ FWN,L,241,90,34,77,0.442,7,19,0.368,15,24,0.625,11,29,40,15,7,3,20,23,-7.0
22013,1610612755,PHI,Philadelphia 76ers,0021300250,2013-12-01,PHI @ DET,L,239,100,38,88,0.432,7,23,0.304,17,19,0.895,6,35,41,22,15,7,20,27,-15.0
22013,1610612758,SAC,Sacramento Kings,0021300251,2013-12-01,SAC vs. GSW,L,241,113,40,76,0.526,9,19,0.474,24,28,0.857,11,28,39,22,11,1,24,25,-2.0
22013,1610612738,BOS,Boston Celtics,0021300247,2013-11-30,BOS @ MIL,L,240,85,35,84,0.417,4,19,0.211,11,15,0.733,10,31,41,17,7,2,10,21,-7.0
22013,1610612742,DAL,Dallas Mavericks,0021300244,2013-11-30,DAL vs. MIN,L,239,106,45,92,0.489,7,24,0.292,9,11,0.818,13,24,37,29,9,4,11,26,-6.0
22013,1612709917,SPG,Springfield Armor,2021300023,2013-11-30,SPG @ CTN,L,239,96,41,94,0.436,2,16,0.125,12,15,0.8,15,26,41,9,5,5,12,23,-11.0
22013,1612709911,IWA,Iowa Energy,2021300024,2013-11-30,IWA @ SXF,L,240,98,38,89,0.427,8,28,0.286,14,24,0.583,9,36,45,17,6,7,19,30,-10.0
22013,1612709902,SCW,Santa Cruz Warriors,2021300027,2013-11-30,SCW vs. LAD,W,240,122,46,82,0.561,12,23,0.522,18,23,0.783,11,33,44,34,9,5,22,24,10.0
22013,1610612741,CHI,Chicago Bulls,0021300242,2013-11-30,CHI @ CLE,L,240,93,39,82,0.476,6,15,0.4,9,15,0.6,9,27,36,31,5,4,9,22,-4.0
22013,1612709914,RNO,Reno Bighorns,2021300026,2013-11-30,RNO @ IDA,L,241,80,27,77,0.351,3,13,0.231,23,34,0.676,20,36,56,7,6,2,24,21,-28.0
22013,1610612756,PHX,Phoenix Suns,0021300246,2013-11-30,PHX vs. UTA,L,241,104,37,78,0.474,12,27,0.444,18,25,0.72,12,23,35,17,8,3,13,28,-8.0
22013,1610612745,HOU,Houston Rockets,0021300245,2013-11-30,HOU @ SAS,W,240,112,40,90,0.444,13,30,0.433,19,30,0.633,12,42,54,24,13,4,16,18,6.0
22013,1610612762,UTA,Utah Jazz,0021300246,2013-11-30,UTA @ PHX,W,240,112,39,76,0.513,9,18,0.5,25,29,0.862,12,27,39,21,6,1,12,23,8.0
22013,1610612737,ATL,Atlanta Hawks,0021300241,2013-11-30,ATL @ WAS,L,242,101,36,81,0.444,7,17,0.412,22,26,0.846,9,31,40,19,7,6,16,18,-7.0
22013,1610612759,SAS,San Antonio Spurs,0021300245,2013-11-30,SAS vs. HOU,L,240,106,44,91,0.484,9,26,0.346,9,13,0.692,4,29,33,27,8,9,15,19,-6.0
22013,1610612763,MEM,Memphis Grizzlies,0021300243,2013-11-30,MEM vs. BKN,L,241,88,36,77,0.468,7,15,0.467,9,12,0.75,6,27,33,20,6,3,13,19,-9.0
22013,1610612750,MIN,Minnesota Timberwolves,0021300244,2013-11-30,MIN @ DAL,W,241,112,40,79,0.506,11,26,0.423,21,30,0.7,14,30,44,24,5,4,14,9,6.0
22013,1610612751,BKN,Brooklyn Nets,0021300243,2013-11-30,BKN @ MEM,W,240,97,34,73,0.466,9,18,0.5,20,26,0.769,8,31,39,21,6,4,12,10,9.0
22013,1610612764,WAS,Washington Wizards,0021300241,2013-11-30,WAS vs. ATL,W,240,108,38,78,0.487,12,24,0.5,20,30,0.667,6,32,38,24,12,5,16,20,7.0
22013,1610612749,MIL,Milwaukee Bucks,0021300247,2013-11-30,MIL vs. BOS,W,241,92,36,78,0.462,8,17,0.471,12,20,0.6,11,38,49,28,4,8,13,16,7.0
22013,1612709889,TUL,Tulsa 66ers,2021300025,2013-11-30,TUL @ TEX,L,240,106,40,81,0.494,8,17,0.471,18,21,0.857,7,36,43,11,2,2,13,31,-5.0
22013,1612709905,LAD,Los Angeles D-Fenders,2021300027,2013-11-30,LAD @ SCW,L,240,112,41,94,0.436,13,31,0.419,17,22,0.773,12,25,37,29,11,4,16,19,-9.4
22013,1612709893,CTN,Canton Charge,2021300023,2013-11-30,CTN vs. SPG,W,241,107,44,82,0.537,1,12,0.083,18,29,0.621,15,34,49,22,6,4,13,19,11.0
22013,1612709903,IDA,Idaho Stampede,2021300026,2013-11-30,IDA vs. RNO,W,240,108,40,85,0.471,10,26,0.385,18,25,0.72,11,36,47,22,8,5,12,23,28.0
22013,1612709904,SXF,Sioux Falls Skyforce,2021300024,2013-11-30,SXF vs. IWA,W,241,108,36,94,0.383,9,27,0.333,27,39,0.692,19,38,57,21,11,6,15,24,10.0
22013,1612709918,TEX,Texas Legends,2021300025,2013-11-30,TEX vs. TUL,W,239,111,34,78,0.436,12,32,0.375,31,45,0.689,12,30,42,11,6,3,12,20,5.0
22013,1610612739,CLE,Cleveland Cavaliers,0021300242,2013-11-30,CLE vs. CHI,W,241,97,37,78,0.474,7,15,0.467,16,19,0.842,10,31,41,20,5,7,10,18,4.0
22013,1610612747,LAL,Los Angeles Lakers,0021300233,2013-11-29,LAL @ DET,W,240,106,36,80,0.45,14,31,0.452,20,30,0.667,11,33,44,24,11,8,17,21,4.0
22013,1610612743,DEN,Denver Nuggets,0021300238,2013-11-29,DEN vs. NYK,W,240,97,31,71,0.437,9,24,0.375,26,34,0.765,5,39,44,19,4,5,14,23,2.0
22013,1610612760,OKC,Oklahoma City Thunder,0021300235,2013-11-29,OKC vs. GSW,W,265,113,36,92,0.391,6,18,0.333,35,42,0.833,11,42,53,16,8,9,12,22,1.0
22013,1610612754,IND,Indiana Pacers,0021300236,2013-11-29,IND vs. WAS,W,241,93,38,85,0.447,9,22,0.409,8,10,0.8,14,35,49,27,12,1,16,15,20.0
22013,1610612764,WAS,Washington Wizards,0021300236,2013-11-29,WAS @ IND,L,240,73,29,73,0.397,6,18,0.333,9,13,0.692,6,31,37,16,5,10,17,12,-20.0
22013,1612709893,CTN,Canton Charge,2021300018,2013-11-29,CTN vs. SPG,W,239,91,33,73,0.452,4,13,0.308,21,25,0.84,7,31,38,16,9,1,14,20,3.0
22013,1610612752,NYK,New York Knicks,0021300238,2013-11-29,NYK @ DEN,L,238,95,34,83,0.41,6,22,0.273,21,25,0.84,8,34,42,16,6,6,10,24,-2.0
22013,1610612766,CHA,Charlotte Bobcats,0021300228,2013-11-29,CHA vs. MIL,W,241,92,35,79,0.443,3,15,0.2,19,31,0.613,16,38,54,20,5,4,17,17,16.0
22013,1612709904,SXF,Sioux Falls Skyforce,2021300020,2013-11-29,SXF vs. IWA,L,241,95,35,87,0.402,15,31,0.484,10,16,0.625,10,40,50,24,4,10,20,26,-4.0
22013,1612709889,TUL,Tulsa 66ers,2021300021,2013-11-29,TUL @ RGV,L,240,96,35,84,0.417,6,18,0.333,20,27,0.741,13,30,43,15,10,5,16,25,-9.0
22013,1610612739,CLE,Cleveland Cavaliers,0021300232,2013-11-29,CLE @ BOS,L,240,86,32,86,0.372,4,18,0.222,18,27,0.667,13,30,43,13,6,2,17,21,-17.0
22013,1610612753,ORL,Orlando Magic,0021300229,2013-11-29,ORL vs. SAS,L,240,91,34,78,0.436,9,19,0.474,14,15,0.933,4,24,28,20,8,5,15,13,-18.0
22013,1610612749,MIL,Milwaukee Bucks,0021300228,2013-11-29,MIL @ CHA,L,240,76,28,84,0.333,5,17,0.294,15,20,0.75,7,31,38,17,10,9,9,22,-16.0
22013,1610612761,TOR,Toronto Raptors,0021300230,2013-11-29,TOR vs. MIA,L,240,83,28,73,0.384,8,30,0.267,19,32,0.594,10,33,43,16,8,5,17,18,-7.0
22013,1612709915,MNE,Maine Red Claws,2021300019,2013-11-29,MNE @ FWN,W,240,92,32,69,0.464,9,24,0.375,19,28,0.679,7,35,42,5,4,4,32,27,1.0
22013,1610612742,DAL,Dallas Mavericks,0021300231,2013-11-29,DAL @ ATL,L,241,87,29,77,0.377,9,24,0.375,20,21,0.952,10,34,44,17,9,4,18,21,-1.0
22013,1610612762,UTA,Utah Jazz,0021300239,2013-11-29,UTA vs. PHX,L,240,101,40,83,0.482,5,20,0.25,16,20,0.8,13,26,39,21,5,1,11,18,-11.0
22013,1610612746,LAC,Los Angeles Clippers,0021300240,2013-11-29,LAC @ SAC,W,264,104,37,83,0.446,6,20,0.3,24,37,0.649,13,33,46,20,4,9,12,16,6.0
22013,1610612744,GSW,Golden State Warriors,0021300235,2013-11-29,GSW @ OKC,L,264,112,42,95,0.442,8,26,0.308,20,29,0.69,12,39,51,20,4,6,15,28,-1.0
22013,1612709908,RGV,Rio Grande Valley Vipers,2021300021,2013-11-29,RGV vs. TUL,W,240,105,37,80,0.463,14,46,0.304,17,22,0.773,9,36,45,24,8,13,24,23,9.0
22013,1612709910,FWN,Fort Wayne Mad Ants,2021300019,2013-11-29,FWN vs. MNE,L,239,91,31,87,0.356,2,12,0.167,27,34,0.794,14,28,42,12,15,0,17,27,-1.0
22013,1610612759,SAS,San Antonio Spurs,0021300229,2013-11-29,SAS @ ORL,W,241,109,42,76,0.553,8,17,0.471,17,17,1.0,7,36,43,24,10,4,19,12,18.0
22013,1612709902,SCW,Santa Cruz Warriors,2021300022,2013-11-29,SCW vs. BAK,L,241,92,35,87,0.402,6,22,0.273,16,24,0.667,18,29,47,19,10,8,20,25,-15.0
22013,1610612765,DET,Detroit Pistons,0021300233,2013-11-29,DET vs. LAL,L,240,102,44,100,0.44,1,8,0.125,13,25,0.52,22,33,55,25,10,3,13,22,-4.0
22013,1610612738,BOS,Boston Celtics,0021300232,2013-11-29,BOS vs. CLE,W,240,103,38,76,0.5,11,23,0.478,16,26,0.615,8,39,47,26,8,7,17,22,17.0
22013,1610612740,NOP,New Orleans Pelicans,0021300237,2013-11-29,NOP @ PHI,W,240,121,51,93,0.548,8,20,0.4,11,14,0.786,10,30,40,30,13,9,12,21,16.0
22013,1610612748,MIA,Miami Heat,0021300230,2013-11-29,MIA @ TOR,W,240,90,36,76,0.474,9,22,0.409,9,13,0.692,3,33,36,24,10,4,19,30,7.0
22013,1610612756,PHX,Phoenix Suns,0021300239,2013-11-29,PHX @ UTA,W,239,112,41,75,0.547,8,25,0.32,22,25,0.88,6,24,30,18,4,5,8,17,11.0
22013,1612709900,BAK,Bakersfield Jam,2021300022,2013-11-29,BAK @ SCW,W,240,107,37,92,0.402,7,26,0.269,26,31,0.839,26,36,62,23,12,3,20,21,15.0
22013,1610612737,ATL,Atlanta Hawks,0021300231,2013-11-29,ATL vs. DAL,W,240,88,31,73,0.425,3,15,0.2,23,30,0.767,9,34,43,19,10,4,16,16,1.0
22013,1610612751,BKN,Brooklyn Nets,0021300234,2013-11-29,BKN @ HOU,L,239,95,37,89,0.416,6,22,0.273,15,23,0.652,15,29,44,24,10,3,11,14,-19.0
22013,1610612758,SAC,Sacramento Kings,0021300240,2013-11-29,SAC vs. LAC,L,264,98,42,91,0.462,6,23,0.261,8,10,0.8,12,32,44,24,4,5,15,33,-6.0
22013,1612709917,SPG,Springfield Armor,2021300018,2013-11-29,SPG @ CTN,L,242,88,33,79,0.418,7,27,0.259,15,18,0.833,11,29,40,18,5,4,15,21,-3.0
22013,1610612755,PHI,Philadelphia 76ers,0021300237,2013-11-29,PHI vs. NOP,L,240,105,42,92,0.457,12,31,0.387,9,21,0.429,18,31,49,28,6,4,18,19,-16.0
22013,1612709911,IWA,Iowa Energy,2021300020,2013-11-29,IWA @ SXF,W,241,99,35,87,0.402,10,27,0.37,19,24,0.792,10,40,50,16,5,8,15,21,4.0
22013,1610612745,HOU,Houston Rockets,0021300234,2013-11-29,HOU vs. BKN,W,239,114,39,74,0.527,19,32,0.594,17,20,0.85,7,34,41,31,9,8,16,18,19.0
22013,1610612751,BKN,Brooklyn Nets,0021300218,2013-11-27,BKN vs. LAL,L,241,94,31,83,0.373,11,30,0.367,21,26,0.808,11,33,44,21,6,10,12,23,-5.0
22013,1610612748,MIA,Miami Heat,0021300219,2013-11-27,MIA @ CLE,W,240,95,35,72,0.486,4,19,0.211,21,25,0.84,2,39,41,23,11,7,14,19,11.0
22013,1610612754,IND,Indiana Pacers,0021300215,2013-11-27,IND @ CHA,W,240,99,32,84,0.381,10,25,0.4,25,32,0.781,12,45,57,20,8,4,15,23,25.0
22013,1610612745,HOU,Houston Rockets,0021300221,2013-11-27,HOU vs. ATL,W,238,113,43,78,0.551,14,27,0.519,13,21,0.619,8,34,42,25,8,3,13,17,29.0
22013,1610612744,GSW,Golden State Warriors,0021300225,2013-11-27,GSW @ DAL,L,240,99,32,76,0.421,9,23,0.391,26,34,0.765,10,42,52,18,2,6,18,15,-4.0
22013,1610612753,ORL,Orlando Magic,0021300216,2013-11-27,ORL vs. PHI,W,240,105,43,82,0.524,4,19,0.211,15,21,0.714,7,38,45,22,10,6,17,16,11.0
22013,1610612764,WAS,Washington Wizards,0021300222,2013-11-27,WAS @ MIL,W,266,100,37,74,0.5,10,26,0.385,16,22,0.727,5,29,34,27,14,2,19,9,8.0
22013,1610612755,PHI,Philadelphia 76ers,0021300216,2013-11-27,PHI @ ORL,L,238,94,38,85,0.447,7,22,0.318,11,17,0.647,9,31,40,22,8,4,15,15,-11.0
22013,1610612750,MIN,Minnesota Timberwolves,0021300223,2013-11-27,MIN vs. DEN,L,241,110,40,88,0.455,5,20,0.25,25,28,0.893,15,31,46,19,5,3,16,20,-7.0
22013,1610612739,CLE,Cleveland Cavaliers,0021300219,2013-11-27,CLE vs. MIA,L,239,84,29,83,0.349,10,28,0.357,16,24,0.667,12,35,47,19,7,2,18,18,-11.0
22013,1610612756,PHX,Phoenix Suns,0021300226,2013-11-27,PHX vs. POR,W,240,120,42,81,0.519,10,24,0.417,26,31,0.839,13,30,43,22,9,4,10,22,14.0
22013,1610612741,CHI,Chicago Bulls,0021300220,2013-11-27,CHI @ DET,W,241,99,42,79,0.532,6,17,0.353,9,12,0.75,8,32,40,24,9,1,16,15,20.0
22013,1610612737,ATL,Atlanta Hawks,0021300221,2013-11-27,ATL @ HOU,L,240,84,32,75,0.427,8,22,0.364,12,15,0.8,6,26,32,21,8,4,18,24,-29.0
22013,1610612749,MIL,Milwaukee Bucks,0021300222,2013-11-27,MIL vs. WAS,L,264,92,37,85,0.435,10,25,0.4,8,10,0.8,11,33,44,26,7,1,22,20,-8.0
22013,1610612765,DET,Detroit Pistons,0021300220,2013-11-27,DET vs. CHI,L,240,79,34,77,0.442,2,12,0.167,9,19,0.474,12,26,38,12,11,4,15,19,-20.0
22013,1610612738,BOS,Boston Celtics,0021300217,2013-11-27,BOS vs. MEM,L,239,93,38,89,0.427,7,20,0.35,10,13,0.769,17,29,46,14,1,7,15,20,-7.0
22013,1610612760,OKC,Oklahoma City Thunder,0021300224,2013-11-27,OKC vs. SAS,W,240,94,39,84,0.464,4,15,0.267,12,15,0.8,11,40,51,24,5,6,16,17,6.0
22013,1610612763,MEM,Memphis Grizzlies,0021300217,2013-11-27,MEM @ BOS,W,239,100,36,80,0.45,3,9,0.333,25,31,0.806,9,32,41,24,7,6,8,18,7.0
22013,1610612752,NYK,New York Knicks,0021300227,2013-11-27,NYK @ LAC,L,240,80,32,83,0.386,3,20,0.15,13,15,0.867,12,32,44,20,6,6,14,27,-13.0
22013,1610612757,POR,Portland Trail Blazers,0021300226,2013-11-27,POR @ PHX,L,241,106,39,86,0.453,7,19,0.368,21,24,0.875,15,24,39,21,4,2,12,20,-14.0
22013,1610612746,LAC,Los Angeles Clippers,0021300227,2013-11-27,LAC vs. NYK,W,240,93,32,74,0.432,6,25,0.24,23,31,0.742,7,35,42,17,8,2,13,17,13.0
22013,1610612747,LAL,Los Angeles Lakers,0021300218,2013-11-27,LAL @ BKN,W,242,99,34,85,0.4,13,30,0.433,18,22,0.818,11,37,48,21,5,7,10,24,5.0
22013,1610612742,DAL,Dallas Mavericks,0021300225,2013-11-27,DAL vs. GSW,W,240,103,44,99,0.444,7,18,0.389,8,10,0.8,12,31,43,27,9,4,6,22,4.0
22013,1610612766,CHA,Charlotte Bobcats,0021300215,2013-11-27,CHA vs. IND,L,242,74,26,83,0.313,3,9,0.333,19,28,0.679,11,32,43,13,3,6,15,27,-25.0
22013,1610612743,DEN,Denver Nuggets,0021300223,2013-11-27,DEN @ MIN,W,240,117,45,88,0.511,8,16,0.5,19,25,0.76,9,27,36,22,11,5,12,25,7.0
22013,1610612759,SAS,San Antonio Spurs,0021300224,2013-11-27,SAS @ OKC,L,240,88,36,92,0.391,7,27,0.259,9,14,0.643,12,33,45,19,11,3,12,16,-6.0
22013,1610612761,TOR,Toronto Raptors,0021300211,2013-11-26,TOR vs. BKN,L,238,100,34,78,0.436,11,26,0.423,21,22,0.955,9,25,34,18,4,1,15,24,-2.0
22013,1610612747,LAL,Los Angeles Lakers,0021300212,2013-11-26,LAL @ WAS,L,241,111,44,83,0.53,13,28,0.464,10,13,0.769,9,25,34,30,4,5,16,19,-5.0
22013,1610612764,WAS,Washington Wizards,0021300212,2013-11-26,WAS vs. LAL,W,240,116,46,87,0.529,6,21,0.286,18,22,0.818,10,32,42,25,15,2,10,14,5.0
22013,1610612751,BKN,Brooklyn Nets,0021300211,2013-11-26,BKN @ TOR,W,240,102,39,77,0.506,4,14,0.286,20,22,0.909,11,28,39,25,7,3,15,18,2.0
22013,1610612753,ORL,Orlando Magic,0021300213,2013-11-26,ORL @ ATL,W,241,109,42,83,0.506,8,22,0.364,17,20,0.85,6,37,43,29,8,3,12,20,17.0
22013,1612709908,RGV,Rio Grande Valley Vipers,2021300016,2013-11-26,RGV @ BAK,W,240,140,43,95,0.453,19,44,0.432,35,46,0.761,11,32,43,26,6,11,10,26,1.0
22013,1610612744,GSW,Golden State Warriors,0021300214,2013-11-26,GSW @ NOP,W,240,102,40,88,0.455,7,19,0.368,15,21,0.714,9,32,41,25,8,6,10,14,1.0
22013,1612709902,SCW,Santa Cruz Warriors,2021300017,2013-11-26,SCW vs. RNO,W,238,121,46,79,0.582,9,21,0.429,20,24,0.833,5,33,38,30,9,7,15,22,20.0
22013,1612709900,BAK,Bakersfield Jam,2021300016,2013-11-26,BAK vs. RGV,L,238,139,51,107,0.477,9,31,0.29,28,39,0.718,22,34,56,26,4,5,12,28,-0.6
22013,1610612737,ATL,Atlanta Hawks,0021300213,2013-11-26,ATL vs. ORL,L,240,92,30,73,0.411,9,22,0.409,23,27,0.852,4,31,35,22,7,5,14,19,-17.0
22013,1612709914,RNO,Reno Bighorns,2021300017,2013-11-26,RNO @ SCW,L,240,101,39,90,0.433,6,18,0.333,17,23,0.739,17,25,42,15,8,3,15,22,-20.0
22013,1610612740,NOP,New Orleans Pelicans,0021300214,2013-11-26,NOP vs. GSW,L,240,101,41,87,0.471,9,19,0.474,10,13,0.769,14,33,47,22,5,8,16,21,-1.0
22013,1610612762,UTA,Utah Jazz,0021300209,2013-11-25,UTA vs. CHI,W,264,89,33,85,0.388,7,17,0.412,16,19,0.842,12,33,45,22,8,4,15,25,6.0
22013,1610612763,MEM,Memphis Grizzlies,0021300206,2013-11-25,MEM vs. HOU,L,240,86,34,82,0.415,4,13,0.308,14,18,0.778,14,21,35,22,12,7,15,22,-7.0
22013,1610612738,BOS,Boston Celtics,0021300202,2013-11-25,BOS @ CHA,W,239,96,35,80,0.438,9,20,0.45,17,21,0.81,11,28,39,22,8,5,11,24,10.0
22013,1610612752,NYK,New York Knicks,0021300210,2013-11-25,NYK @ POR,L,240,91,38,85,0.447,6,15,0.4,9,14,0.643,10,34,44,24,5,3,9,17,-11.0
22013,1610612741,CHI,Chicago Bulls,0021300209,2013-11-25,CHI @ UTA,L,266,83,31,79,0.392,1,13,0.077,20,28,0.714,14,35,49,11,4,2,18,26,-6.0
22013,1610612748,MIA,Miami Heat,0021300205,2013-11-25,MIA vs. PHX,W,238,107,39,79,0.494,7,22,0.318,22,24,0.917,7,31,38,20,9,4,14,17,15.0
22013,1610612756,PHX,Phoenix Suns,0021300205,2013-11-25,PHX @ MIA,L,239,92,33,83,0.398,8,32,0.25,18,24,0.75,14,31,45,17,10,1,15,18,-15.0
22013,1610612750,MIN,Minnesota Timberwolves,0021300203,2013-11-25,MIN @ IND,L,240,84,29,88,0.33,3,19,0.158,23,28,0.821,14,32,46,15,9,1,19,18,-14.0
22013,1610612754,IND,Indiana Pacers,0021300203,2013-11-25,IND vs. MIN,W,240,98,40,80,0.5,8,15,0.533,10,17,0.588,7,38,45,19,13,5,20,24,14.0
22013,1610612743,DEN,Denver Nuggets,0021300207,2013-11-25,DEN @ DAL,W,240,110,41,75,0.547,8,20,0.4,20,28,0.714,10,32,42,23,10,2,13,24,14.0
22013,1610612749,MIL,Milwaukee Bucks,0021300204,2013-11-25,MIL @ DET,L,239,94,33,73,0.452,6,19,0.316,22,26,0.846,10,29,39,23,5,4,18,20,-19.0
22013,1610612759,SAS,San Antonio Spurs,0021300208,2013-11-25,SAS vs. NOP,W,240,112,44,81,0.543,10,25,0.4,14,19,0.737,7,38,45,30,12,7,19,18,19.0
22013,1610612766,CHA,Charlotte Bobcats,0021300202,2013-11-25,CHA vs. BOS,L,241,86,33,74,0.446,3,9,0.333,17,20,0.85,9,28,37,17,2,3,16,15,-10.0
22013,1610612740,NOP,New Orleans Pelicans,0021300208,2013-11-25,NOP @ SAS,L,239,93,37,97,0.381,2,15,0.133,17,20,0.85,17,31,48,21,11,6,15,18,-19.0
22013,1610612742,DAL,Dallas Mavericks,0021300207,2013-11-25,DAL vs. DEN,L,242,96,38,82,0.463,5,19,0.263,15,19,0.789,10,26,36,18,5,3,13,22,-14.0
22013,1610612745,HOU,Houston Rockets,0021300206,2013-11-25,HOU @ MEM,W,240,93,34,69,0.493,6,24,0.25,19,27,0.704,11,32,43,12,7,6,18,20,7.0
22013,1610612765,DET,Detroit Pistons,0021300204,2013-11-25,DET vs. MIL,W,240,113,43,80,0.538,12,29,0.414,15,23,0.652,5,32,37,28,11,1,10,24,19.0
22013,1610612757,POR,Portland Trail Blazers,0021300210,2013-11-25,POR vs. NYK,W,241,102,37,84,0.44,9,25,0.36,19,22,0.864,10,36,46,19,3,5,8,15,11.0
22013,1610612756,PHX,Phoenix Suns,0021300199,2013-11-24,PHX @ ORL,W,240,104,46,95,0.484,11,29,0.379,1,3,0.333,10,34,44,25,5,9,9,14,8.0
22013,1610612758,SAC,Sacramento Kings,0021300201,2013-11-24,SAC @ LAL,L,240,86,35,84,0.417,8,24,0.333,8,15,0.533,7,35,42,24,6,3,13,17,-14.0
22013,1610612751,BKN,Brooklyn Nets,0021300197,2013-11-24,BKN vs. DET,L,242,97,35,77,0.455,14,26,0.538,13,18,0.722,8,27,35,23,6,2,17,28,-12.0
22013,1610612753,ORL,Orlando Magic,0021300199,2013-11-24,ORL vs. PHX,L,242,96,39,84,0.464,6,21,0.286,12,14,0.857,7,34,41,24,4,5,12,15,-8.0
22013,1610612747,LAL,Los Angeles Lakers,0021300201,2013-11-24,LAL vs. SAC,W,241,100,40,87,0.46,8,26,0.308,12,15,0.8,9,35,44,20,8,9,10,17,14.0
22013,1612709902,SCW,Santa Cruz Warriors,2021300015,2013-11-24,SCW vs. AUS,W,241,117,40,82,0.488,11,22,0.5,26,36,0.722,20,31,51,26,6,4,17,27,6.2
22013,1610612765,DET,Detroit Pistons,0021300197,2013-11-24,DET @ BKN,W,240,109,38,80,0.475,5,17,0.294,28,40,0.7,13,31,44,20,9,3,9,19,12.0
22013,1610612746,LAC,Los Angeles Clippers,0021300198,2013-11-24,LAC vs. CHI,W,240,121,48,82,0.585,8,21,0.381,17,19,0.895,6,38,44,32,8,5,9,23,39.0
22013,1610612762,UTA,Utah Jazz,0021300200,2013-11-24,UTA @ OKC,L,240,73,28,71,0.394,4,18,0.222,13,29,0.448,6,27,33,17,9,4,18,19,-22.0
22013,1610612741,CHI,Chicago Bulls,0021300198,2013-11-24,CHI @ LAC,L,238,82,32,81,0.395,4,12,0.333,14,23,0.609,11,28,39,24,2,1,14,18,-39.0
22013,1610612760,OKC,Oklahoma City Thunder,0021300200,2013-11-24,OKC vs. UTA,W,239,95,36,71,0.507,5,12,0.417,18,22,0.818,5,41,46,24,10,4,16,24,22.0
22013,1612709913,ERI,Erie BayHawks,2021300014,2013-11-24,ERI @ MNE,L,241,100,33,94,0.351,9,29,0.31,25,38,0.658,16,37,53,19,9,5,18,30,-28.4
22013,1612709915,MNE,Maine Red Claws,2021300014,2013-11-24,MNE vs. ERI,W,240,127,45,92,0.489,14,28,0.5,23,36,0.639,14,43,57,31,10,8,16,28,27.0
22013,1612709890,AUS,Austin Toros,2021300015,2013-11-24,AUS @ SCW,L,241,103,38,88,0.432,2,15,0.133,25,32,0.781,16,24,40,18,9,2,13,26,-12.0
22013,1610612754,IND,Indiana Pacers,0021300188,2013-11-23,IND vs. PHI,W,240,106,35,76,0.461,5,18,0.278,31,38,0.816,8,42,50,20,5,11,19,21,8.0
22013,1610612737,ATL,Atlanta Hawks,0021300190,2013-11-23,ATL vs. BOS,L,240,87,36,93,0.387,5,20,0.25,10,12,0.833,12,26,38,23,8,3,8,26,-7.0
22013,1610612759,SAS,San Antonio Spurs,0021300194,2013-11-23,SAS vs. CLE,W,240,126,46,80,0.575,16,24,0.667,18,23,0.783,6,31,37,30,9,5,15,17,30.0
22013,1612709908,RGV,Rio Grande Valley Vipers,2021300013,2013-11-23,RGV @ LAD,W,240,124,42,102,0.412,16,50,0.32,24,30,0.8,19,33,52,24,12,4,18,31,10.0
22013,1610612766,CHA,Charlotte Bobcats,0021300193,2013-11-23,CHA @ MIL,W,238,96,38,77,0.494,5,14,0.357,15,27,0.556,14,38,52,18,9,4,14,13,24.0
22013,1610612739,CLE,Cleveland Cavaliers,0021300194,2013-11-23,CLE @ SAS,L,241,96,39,83,0.47,4,13,0.308,14,20,0.7,10,27,37,19,9,2,17,21,-30.0
22013,1612709909,DEL,Delaware 87ers,2021300008,2013-11-23,DEL @ CTN,L,239,106,33,74,0.446,9,32,0.281,31,44,0.705,12,30,42,13,10,4,27,33,-11.0
22013,1610612764,WAS,Washington Wizards,0021300189,2013-11-23,WAS vs. NYK,W,241,98,37,76,0.487,7,19,0.368,17,22,0.773,11,34,45,23,4,4,12,18,9.0
22013,1612709893,CTN,Canton Charge,2021300008,2013-11-23,CTN vs. DEL,W,238,117,40,82,0.488,8,23,0.348,29,37,0.784,16,29,45,21,14,3,21,37,11.0
22013,1612709914,RNO,Reno Bighorns,2021300009,2013-11-23,RNO @ SXF,L,239,73,20,66,0.303,2,16,0.125,31,39,0.795,14,24,38,9,8,6,24,25,-30.0
22013,1610612738,BOS,Boston Celtics,0021300190,2013-11-23,BOS @ ATL,W,240,94,33,72,0.458,4,16,0.25,24,31,0.774,7,40,47,18,3,7,17,14,7.0
22013,1610612755,PHI,Philadelphia 76ers,0021300188,2013-11-23,PHI @ IND,L,241,98,35,102,0.343,4,25,0.16,24,32,0.75,23,31,54,11,15,6,14,27,-8.0
22013,1610612746,LAC,Los Angeles Clippers,0021300187,2013-11-23,LAC vs. SAC,W,241,103,33,68,0.485,11,25,0.44,26,45,0.578,5,34,39,22,5,5,17,26,1.0
22013,1612709911,IWA,Iowa Energy,2021300010,2013-11-23,IWA @ TUL,W,239,123,41,85,0.482,13,27,0.481,28,35,0.8,10,44,54,18,8,11,18,21,21.0
22013,1610612743,DEN,Denver Nuggets,0021300195,2013-11-23,DEN vs. DAL,W,239,102,35,79,0.443,11,32,0.344,21,30,0.7,8,36,44,24,7,3,18,18,2.0
22013,1610612750,MIN,Minnesota Timberwolves,0021300192,2013-11-23,MIN @ HOU,L,242,101,40,100,0.4,8,26,0.308,13,17,0.765,18,26,44,17,13,5,10,13,-11.0
22013,1612709904,SXF,Sioux Falls Skyforce,2021300009,2013-11-23,SXF vs. RNO,W,239,103,36,81,0.444,7,20,0.35,24,32,0.75,18,34,52,22,13,3,13,28,30.0
22013,1612709889,TUL,Tulsa 66ers,2021300010,2013-11-23,TUL vs. IWA,L,241,102,40,94,0.426,8,20,0.4,14,21,0.667,7,30,37,18,10,6,14,25,-21.0
22013,1612709918,TEX,Texas Legends,2021300011,2013-11-23,TEX vs. FWN,W,240,106,36,71,0.507,9,30,0.3,25,33,0.758,7,34,41,22,8,6,20,32,7.0
22013,1610612748,MIA,Miami Heat,0021300191,2013-11-23,MIA vs. ORL,W,241,101,37,78,0.474,6,25,0.24,21,26,0.808,4,29,33,19,6,3,12,19,2.0
22013,1610612758,SAC,Sacramento Kings,0021300187,2013-11-23,SAC @ LAC,L,240,102,37,88,0.42,5,17,0.294,23,30,0.767,11,35,46,26,8,4,10,33,-1.0
22013,1610612742,DAL,Dallas Mavericks,0021300195,2013-11-23,DAL @ DEN,L,239,100,35,87,0.402,7,21,0.333,23,25,0.92,7,32,39,17,8,2,11,19,-2.0
22013,1610612744,GSW,Golden State Warriors,0021300196,2013-11-23,GSW vs. POR,L,239,101,36,77,0.468,7,17,0.412,22,30,0.733,5,36,41,20,4,4,19,31,-12.0
22013,1612709903,IDA,Idaho Stampede,2021300012,2013-11-23,IDA vs. BAK,W,241,107,41,88,0.466,8,24,0.333,17,25,0.68,20,32,52,18,12,9,22,34,10.0
22013,1610612757,POR,Portland Trail Blazers,0021300196,2013-11-23,POR @ GSW,W,240,113,37,86,0.43,10,21,0.476,29,35,0.829,13,34,47,27,8,9,15,22,12.0
22013,1610612752,NYK,New York Knicks,0021300189,2013-11-23,NYK @ WAS,L,240,89,36,82,0.439,11,29,0.379,6,15,0.4,11,29,40,24,7,3,9,24,-9.0
22013,1612709910,FWN,Fort Wayne Mad Ants,2021300011,2013-11-23,FWN @ TEX,L,240,99,34,88,0.386,5,19,0.263,26,37,0.703,19,28,47,16,14,5,15,25,-7.0
22013,1612709905,LAD,Los Angeles D-Fenders,2021300013,2013-11-23,LAD vs. RGV,L,238,114,39,93,0.419,7,25,0.28,29,40,0.725,13,37,50,21,7,7,21,28,-10.0
22013,1610612749,MIL,Milwaukee Bucks,0021300193,2013-11-23,MIL vs. CHA,L,239,72,30,85,0.353,5,18,0.278,7,9,0.778,11,25,36,21,7,2,15,21,-24.0
22013,1610612753,ORL,Orlando Magic,0021300191,2013-11-23,ORL @ MIA,L,239,99,34,73,0.466,10,23,0.435,21,29,0.724,10,31,41,19,8,3,16,23,-2.0
22013,1612709900,BAK,Bakersfield Jam,2021300012,2013-11-23,BAK @ IDA,L,241,97,30,79,0.38,10,21,0.476,27,39,0.692,19,29,48,14,10,5,26,25,-10.0
22013,1610612745,HOU,Houston Rockets,0021300192,2013-11-23,HOU vs. MIN,W,241,112,41,79,0.519,17,31,0.548,13,16,0.813,11,43,54,26,6,9,23,16,11.0
22013,1610612737,ATL,Atlanta Hawks,0021300180,2013-11-22,ATL @ DET,W,241,96,37,85,0.435,8,23,0.348,14,21,0.667,11,35,46,20,10,2,14,14,7.0
22013,1612709893,CTN,Canton Charge,2021300002,2013-11-22,CTN @ ERI,W,239,102,37,80,0.463,6,20,0.3,22,31,0.71,14,47,61,18,5,2,22,27,11.0
22013,1612709890,AUS,Austin Toros,2021300007,2013-11-22,AUS @ SCW,L,238,102,40,78,0.513,7,14,0.5,15,23,0.652,8,28,36,26,8,6,18,25,-19.0
22013,1610612741,CHI,Chicago Bulls,0021300185,2013-11-22,CHI @ POR,L,241,95,32,83,0.386,5,14,0.357,26,29,0.897,17,35,52,11,8,1,14,17,-3.0
22013,1610612762,UTA,Utah Jazz,0021300184,2013-11-22,UTA @ DAL,L,241,93,39,78,0.5,7,20,0.35,8,12,0.667,9,22,31,27,10,6,17,22,-10.0
22013,1610612738,BOS,Boston Celtics,0021300179,2013-11-22,BOS vs. IND,L,239,82,35,69,0.507,5,11,0.455,7,9,0.778,5,26,31,11,8,1,21,16,-15.0
22013,1612709913,ERI,Erie BayHawks,2021300002,2013-11-22,ERI vs. CTN,L,239,91,32,85,0.376,7,24,0.292,20,29,0.69,9,29,38,17,7,4,15,20,-11.0
22013,1612709918,TEX,Texas Legends,2021300005,2013-11-22,TEX vs. FWN,L,255,99,37,92,0.402,10,31,0.323,15,19,0.789,12,31,43,21,15,6,20,25,-6.0
22013,1612709917,SPG,Springfield Armor,2021300001,2013-11-22,SPG @ MNE,L,240,95,42,103,0.408,4,21,0.19,7,10,0.7,18,31,49,17,5,6,9,19,-13.0
22013,1610612761,TOR,Toronto Raptors,0021300178,2013-11-22,TOR vs. WAS,W,240,96,37,78,0.474,5,18,0.278,17,23,0.739,13,33,46,22,5,8,14,20,8.0
22013,1610612739,CLE,Cleveland Cavaliers,0021300183,2013-11-22,CLE @ NOP,L,242,100,41,77,0.532,8,23,0.348,10,16,0.625,6,31,37,15,7,5,19,26,-4.0
22013,1612709915,MNE,Maine Red Claws,2021300001,2013-11-22,MNE vs. SPG,W,241,108,41,83,0.494,10,26,0.385,16,22,0.727,9,38,47,23,5,14,14,15,13.0
22013,1612709900,BAK,Bakersfield Jam,2021300006,2013-11-22,BAK @ IDA,L,242,113,41,75,0.547,8,16,0.5,23,29,0.793,3,33,36,21,6,3,22,33,-8.0
22013,1610612742,DAL,Dallas Mavericks,0021300184,2013-11-22,DAL vs. UTA,W,240,103,38,75,0.507,7,17,0.412,20,27,0.741,13,28,41,19,10,4,16,17,10.0
22013,1612709911,IWA,Iowa Energy,2021300004,2013-11-22,IWA @ TUL,W,241,127,43,82,0.524,11,22,0.5,30,42,0.714,15,37,52,14,8,5,27,25,10.0
22013,1610612757,POR,Portland Trail Blazers,0021300185,2013-11-22,POR vs. CHI,W,240,98,36,88,0.409,12,26,0.462,14,15,0.933,10,29,39,21,11,3,12,18,3.0
22013,1610612754,IND,Indiana Pacers,0021300179,2013-11-22,IND @ BOS,W,240,97,38,81,0.469,6,17,0.353,15,18,0.833,15,26,41,19,13,3,15,13,15.0
22013,1612709910,FWN,Fort Wayne Mad Ants,2021300005,2013-11-22,FWN @ TEX,W,255,105,44,88,0.5,2,8,0.25,15,22,0.682,15,38,53,22,8,11,21,19,6.0
22013,1610612750,MIN,Minnesota Timberwolves,0021300182,2013-11-22,MIN vs. BKN,W,239,111,40,97,0.412,11,36,0.306,20,23,0.87,17,30,47,28,10,6,8,19,30.0
22013,1612709914,RNO,Reno Bighorns,2021300003,2013-11-22,RNO @ SXF,L,240,85,33,72,0.458,5,15,0.333,14,24,0.583,11,27,38,13,8,5,24,26,-1.0
22013,1610612744,GSW,Golden State Warriors,0021300186,2013-11-22,GSW @ LAL,L,239,95,34,82,0.415,9,22,0.409,18,28,0.643,16,34,50,23,8,2,18,20,-7.0
22013,1612709904,SXF,Sioux Falls Skyforce,2021300003,2013-11-22,SXF vs. RNO,W,240,86,31,77,0.403,7,29,0.241,17,30,0.567,19,21,40,17,13,7,19,26,1.0
22013,1612709902,SCW,Santa Cruz Warriors,2021300007,2013-11-22,SCW vs. AUS,W,241,121,44,85,0.518,7,23,0.304,26,33,0.788,12,33,45,23,10,2,14,21,19.0
22013,1610612765,DET,Detroit Pistons,0021300180,2013-11-22,DET vs. ATL,L,239,89,36,84,0.429,3,13,0.231,14,22,0.636,11,41,52,19,8,7,15,16,-7.0
22013,1612709889,TUL,Tulsa 66ers,2021300004,2013-11-22,TUL vs. IWA,L,241,117,46,97,0.474,7,26,0.269,18,24,0.75,10,25,35,26,15,4,15,30,-10.0
22013,1610612751,BKN,Brooklyn Nets,0021300182,2013-11-22,BKN @ MIN,L,240,81,31,78,0.397,5,16,0.313,14,20,0.7,10,37,47,7,5,2,20,18,-30.0
22013,1612709903,IDA,Idaho Stampede,2021300006,2013-11-22,IDA vs. BAK,W,242,121,36,73,0.493,12,28,0.429,37,47,0.787,11,29,40,23,9,7,19,25,8.0
22013,1610612763,MEM,Memphis Grizzlies,0021300181,2013-11-22,MEM vs. SAS,L,241,86,35,80,0.438,3,11,0.273,13,17,0.765,12,26,38,16,7,2,14,18,-16.0
22013,1610612759,SAS,San Antonio Spurs,0021300181,2013-11-22,SAS @ MEM,W,240,102,42,79,0.532,7,17,0.412,11,16,0.688,11,30,41,25,8,3,15,18,16.0
22013,1610612756,PHX,Phoenix Suns,0021300176,2013-11-22,PHX @ CHA,W,239,98,33,70,0.471,10,23,0.435,22,38,0.579,9,34,43,21,8,5,21,25,7.0
22013,1610612755,PHI,Philadelphia 76ers,0021300177,2013-11-22,PHI vs. MIL,W,266,115,45,79,0.57,7,20,0.35,18,29,0.621,10,40,50,34,8,4,26,26,8.0
22013,1610612766,CHA,Charlotte Bobcats,0021300176,2013-11-22,CHA vs. PHX,L,240,91,32,77,0.416,3,14,0.214,24,33,0.727,11,30,41,17,9,4,16,28,-7.0
22013,1610612764,WAS,Washington Wizards,0021300178,2013-11-22,WAS @ TOR,L,241,88,36,86,0.419,6,17,0.353,10,13,0.769,9,30,39,17,6,4,14,22,-8.0
22013,1610612740,NOP,New Orleans Pelicans,0021300183,2013-11-22,NOP vs. CLE,W,241,104,36,88,0.409,6,17,0.353,26,33,0.788,19,29,48,20,11,6,12,20,4.0
22013,1610612749,MIL,Milwaukee Bucks,0021300177,2013-11-22,MIL @ PHI,L,265,107,41,93,0.441,8,29,0.276,17,24,0.708,10,22,32,34,9,4,16,23,-8.0
22013,1610612747,LAL,Los Angeles Lakers,0021300186,2013-11-22,LAL vs. GSW,W,240,102,39,82,0.476,11,24,0.458,13,17,0.765,7,29,36,21,10,4,14,22,7.0
22013,1610612741,CHI,Chicago Bulls,0021300175,2013-11-21,CHI @ DEN,L,239,87,38,98,0.388,3,10,0.3,8,14,0.571,22,36,58,22,4,3,17,18,-10.0
22013,1610612760,OKC,Oklahoma City Thunder,0021300174,2013-11-21,OKC vs. LAC,W,242,105,41,79,0.519,4,19,0.211,19,29,0.655,9,40,49,25,7,7,17,17,14.0
22013,1610612743,DEN,Denver Nuggets,0021300175,2013-11-21,DEN vs. CHI,W,240,97,38,84,0.452,9,21,0.429,12,22,0.545,13,35,48,23,6,10,15,17,10.0
22013,1610612746,LAC,Los Angeles Clippers,0021300174,2013-11-21,LAC @ OKC,L,240,91,38,92,0.413,8,28,0.286,7,15,0.467,10,31,41,26,9,2,10,20,-14.0
22013,1610612750,MIN,Minnesota Timberwolves,0021300168,2013-11-20,MIN vs. LAC,L,240,98,34,90,0.378,5,22,0.227,25,31,0.806,10,35,45,24,10,2,14,17,-4.0
22013,1610612754,IND,Indiana Pacers,0021300163,2013-11-20,IND @ NYK,W,265,103,33,87,0.379,9,30,0.3,28,36,0.778,10,39,49,16,7,8,14,19,7.0
22013,1610612752,NYK,New York Knicks,0021300163,2013-11-20,NYK vs. IND,L,265,96,37,100,0.37,8,30,0.267,14,17,0.824,16,36,52,15,9,5,15,32,-7.0
22013,1610612748,MIA,Miami Heat,0021300164,2013-11-20,MIA @ ORL,W,241,120,38,74,0.514,15,24,0.625,29,32,0.906,12,28,40,27,12,6,21,15,28.0
22013,1610612766,CHA,Charlotte Bobcats,0021300161,2013-11-20,CHA vs. BKN,W,240,95,36,81,0.444,5,13,0.385,18,30,0.6,17,24,41,17,7,4,15,20,4.0
22013,1610612738,BOS,Boston Celtics,0021300170,2013-11-20,BOS @ SAS,L,239,93,39,86,0.453,4,15,0.267,11,12,0.917,10,34,44,18,4,3,17,20,-11.0
22013,1610612737,ATL,Atlanta Hawks,0021300166,2013-11-20,ATL vs. DET,W,240,93,36,71,0.507,4,15,0.267,17,24,0.708,5,33,38,23,11,8,21,12,8.0
22013,1610612762,UTA,Utah Jazz,0021300169,2013-11-20,UTA @ NOP,L,241,98,37,83,0.446,8,24,0.333,16,20,0.8,9,28,37,27,7,7,14,25,-7.0
22013,1610612756,PHX,Phoenix Suns,0021300171,2013-11-20,PHX vs. SAC,L,241,106,38,85,0.447,15,33,0.455,15,22,0.682,13,24,37,12,6,6,17,26,-7.0
22013,1610612764,WAS,Washington Wizards,0021300162,2013-11-20,WAS @ CLE,W,241,98,38,84,0.452,8,19,0.421,14,14,1.0,15,29,44,31,6,5,14,17,7.0
22013,1610612757,POR,Portland Trail Blazers,0021300167,2013-11-20,POR @ MIL,W,239,91,35,86,0.407,11,31,0.355,10,15,0.667,16,29,45,26,10,5,16,14,9.0
22013,1610612744,GSW,Golden State Warriors,0021300173,2013-11-20,GSW vs. MEM,L,264,81,36,82,0.439,5,18,0.278,4,8,0.5,7,36,43,24,3,3,14,20,-7.0
22013,1610612739,CLE,Cleveland Cavaliers,0021300162,2013-11-20,CLE vs. WAS,L,242,91,32,77,0.416,9,23,0.391,18,21,0.857,13,25,38,19,5,0,15,20,-7.0
22013,1610612740,NOP,New Orleans Pelicans,0021300169,2013-11-20,NOP vs. UTA,W,240,105,40,79,0.506,5,15,0.333,20,33,0.606,14,30,44,24,9,13,12,20,7.0
22013,1610612755,PHI,Philadelphia 76ers,0021300165,2013-11-20,PHI vs. TOR,L,241,98,34,76,0.447,7,20,0.35,23,31,0.742,9,41,50,20,5,4,20,23,-10.0
22013,1610612745,HOU,Houston Rockets,0021300172,2013-11-20,HOU @ DAL,L,241,120,42,76,0.553,12,31,0.387,24,33,0.727,8,22,30,29,9,2,11,23,-3.0
22013,1610612749,MIL,Milwaukee Bucks,0021300167,2013-11-20,MIL vs. POR,L,240,82,35,80,0.438,5,14,0.357,7,12,0.583,12,30,42,18,6,5,19,19,-9.0
22013,1610612758,SAC,Sacramento Kings,0021300171,2013-11-20,SAC @ PHX,W,239,113,37,80,0.463,7,17,0.412,32,38,0.842,9,33,42,19,11,2,10,23,7.0
22013,1610612753,ORL,Orlando Magic,0021300164,2013-11-20,ORL vs. MIA,L,241,92,29,71,0.408,15,29,0.517,19,21,0.905,7,18,25,19,13,5,24,23,-28.0
22013,1610612759,SAS,San Antonio Spurs,0021300170,2013-11-20,SAS vs. BOS,W,241,104,39,81,0.481,8,21,0.381,18,24,0.75,7,34,41,27,12,6,11,14,11.0
22013,1610612763,MEM,Memphis Grizzlies,0021300173,2013-11-20,MEM @ GSW,W,266,88,34,88,0.386,3,12,0.25,17,19,0.895,16,32,48,17,8,6,6,17,7.0
22013,1610612746,LAC,Los Angeles Clippers,0021300168,2013-11-20,LAC @ MIN,W,238,102,40,81,0.494,12,24,0.5,10,16,0.625,6,37,43,24,8,5,19,25,4.0
22013,1610612761,TOR,Toronto Raptors,0021300165,2013-11-20,TOR @ PHI,W,240,108,36,86,0.419,14,29,0.483,22,28,0.786,9,32,41,24,7,9,10,23,10.0
22013,1610612765,DET,Detroit Pistons,0021300166,2013-11-20,DET @ ATL,L,240,85,35,87,0.402,6,22,0.273,9,12,0.75,15,28,43,17,13,5,15,21,-8.0
22013,1610612751,BKN,Brooklyn Nets,0021300161,2013-11-20,BKN @ CHA,L,241,91,32,67,0.478,9,19,0.474,18,25,0.72,6,30,36,21,6,5,17,27,-4.0
22013,1610612742,DAL,Dallas Mavericks,0021300172,2013-11-20,DAL vs. HOU,W,240,123,42,72,0.583,11,22,0.5,28,33,0.848,7,29,36,26,9,5,15,26,3.0
22013,1610612764,WAS,Washington Wizards,0021300156,2013-11-19,WAS vs. MIN,W,239,104,41,85,0.482,7,15,0.467,15,15,1.0,7,34,41,31,10,5,11,24,4.0
22013,1610612756,PHX,Phoenix Suns,0021300160,2013-11-19,PHX @ SAC,L,239,104,37,79,0.468,10,29,0.345,20,28,0.714,6,25,31,23,9,3,16,23,-3.0
22013,1610612758,SAC,Sacramento Kings,0021300160,2013-11-19,SAC vs. PHX,W,241,107,39,83,0.47,8,22,0.364,21,28,0.75,15,33,48,21,8,3,20,24,3.0
22013,1610612748,MIA,Miami Heat,0021300158,2013-11-19,MIA vs. ATL,W,240,104,41,81,0.506,10,21,0.476,12,19,0.632,10,27,37,26,13,4,15,17,16.0
22013,1610612737,ATL,Atlanta Hawks,0021300158,2013-11-19,ATL @ MIA,L,240,88,33,74,0.446,11,24,0.458,11,15,0.733,13,26,39,22,8,3,24,21,-16.0
22013,1610612765,DET,Detroit Pistons,0021300157,2013-11-19,DET vs. NYK,W,239,92,35,70,0.5,7,19,0.368,15,21,0.714,10,27,37,19,6,4,15,20,6.0
22013,1610612752,NYK,New York Knicks,0021300157,2013-11-19,NYK @ DET,L,239,86,33,76,0.434,6,24,0.25,14,18,0.778,10,25,35,16,9,3,13,22,-6.0
22013,1610612750,MIN,Minnesota Timberwolves,0021300156,2013-11-19,MIN @ WAS,L,240,100,37,85,0.435,10,28,0.357,16,24,0.667,12,30,42,22,6,4,13,17,-4.0
22013,1610612738,BOS,Boston Celtics,0021300159,2013-11-19,BOS @ HOU,L,238,85,32,99,0.323,7,20,0.35,14,20,0.7,18,25,43,16,10,3,12,19,-24.0
22013,1610612745,HOU,Houston Rockets,0021300159,2013-11-19,HOU vs. BOS,W,240,109,41,72,0.569,9,21,0.429,18,24,0.75,6,42,48,22,7,10,19,20,24.0
22013,1610612746,LAC,Los Angeles Clippers,0021300155,2013-11-18,LAC vs. MEM,L,239,102,34,86,0.395,7,23,0.304,27,32,0.844,16,29,45,20,7,4,11,25,-4.0
22013,1610612744,GSW,Golden State Warriors,0021300154,2013-11-18,GSW @ UTA,W,240,98,32,79,0.405,12,22,0.545,22,30,0.733,14,43,57,17,5,6,14,16,11.0
22013,1610612751,BKN,Brooklyn Nets,0021300150,2013-11-18,BKN vs. POR,L,239,98,31,85,0.365,3,13,0.231,33,35,0.943,14,26,40,12,9,4,7,18,-10.0
22013,1610612741,CHI,Chicago Bulls,0021300151,2013-11-18,CHI vs. CHA,W,241,86,27,75,0.36,6,12,0.5,26,31,0.839,9,45,54,17,3,8,16,18,5.0
22013,1610612766,CHA,Charlotte Bobcats,0021300151,2013-11-18,CHA @ CHI,L,240,81,33,91,0.363,7,16,0.438,8,16,0.5,12,32,44,25,6,8,9,23,-5.0
22013,1610612763,MEM,Memphis Grizzlies,0021300155,2013-11-18,MEM @ LAC,W,240,106,39,81,0.481,5,12,0.417,23,30,0.767,11,36,47,23,7,5,9,23,4.0
22013,1610612762,UTA,Utah Jazz,0021300154,2013-11-18,UTA vs. GSW,L,239,87,32,81,0.395,7,15,0.467,16,19,0.842,6,34,40,18,8,5,10,21,-11.0
22013,1610612755,PHI,Philadelphia 76ers,0021300153,2013-11-18,PHI @ DAL,L,240,94,38,99,0.384,6,21,0.286,12,22,0.545,18,35,53,24,12,4,12,22,-3.0
22013,1610612757,POR,Portland Trail Blazers,0021300150,2013-11-18,POR @ BKN,W,240,108,41,76,0.539,8,18,0.444,18,21,0.857,9,37,46,19,5,5,14,25,10.0
22013,1610612760,OKC,Oklahoma City Thunder,0021300152,2013-11-18,OKC vs. DEN,W,241,115,38,93,0.409,13,27,0.481,26,32,0.813,19,34,53,24,6,6,12,27,2.0
22013,1610612742,DAL,Dallas Mavericks,0021300153,2013-11-18,DAL vs. PHI,W,241,97,34,78,0.436,9,29,0.31,20,26,0.769,10,43,53,26,8,11,20,20,3.0
22013,1610612743,DEN,Denver Nuggets,0021300152,2013-11-18,DEN @ OKC,L,240,113,40,83,0.482,8,23,0.348,25,43,0.581,10,35,45,24,7,6,11,22,-2.0
12013,1612709900,BAK,Bakersfield Jam,2011300011,2013-11-17,BAK @ SCW,L,241,97,36,95,0.379,8,27,0.296,17,25,0.68,20,29,49,20,8,3,16,25,-6.0
12013,1612709908,RGV,Rio Grande Valley Vipers,2011300010,2013-11-17,RGV vs. TAM,W,241,129,44,92,0.478,15,46,0.326,26,32,0.813,19,36,55,25,15,7,25,25,34.0
12013,15011,TAM,Tampico Huracanes de Tampico,2011300010,2013-11-17,TAM @ RGV,L,240,95,33,93,0.355,7,25,0.28,22,27,0.815,19,30,49,22,10,5,29,29,-34.0
22013,1610612758,SAC,Sacramento Kings,0021300148,2013-11-17,SAC vs. MEM,L,240,86,33,87,0.379,7,23,0.304,13,17,0.765,11,24,35,21,8,2,8,20,-11.0
12013,1612709902,SCW,Santa Cruz Warriors,2011300011,2013-11-17,SCW vs. BAK,W,241,103,37,83,0.446,4,19,0.211,25,33,0.758,13,38,51,21,8,10,19,26,6.0
22013,1610612763,MEM,Memphis Grizzlies,0021300148,2013-11-17,MEM @ SAC,W,239,97,40,72,0.556,4,13,0.308,13,18,0.722,7,42,49,30,4,4,16,20,11.0
22013,1610612747,LAL,Los Angeles Lakers,0021300149,2013-11-17,LAL vs. DET,W,240,114,47,90,0.522,10,25,0.4,10,10,1.0,8,30,38,33,11,5,13,20,15.0
22013,1610612765,DET,Detroit Pistons,0021300149,2013-11-17,DET @ LAL,L,239,99,42,87,0.483,8,23,0.348,7,17,0.412,12,27,39,24,7,3,14,10,-15.0
22013,1610612761,TOR,Toronto Raptors,0021300147,2013-11-17,TOR vs. POR,L,266,110,42,94,0.447,3,17,0.176,23,31,0.742,15,36,51,17,6,3,16,23,-8.0
22013,1610612757,POR,Portland Trail Blazers,0021300147,2013-11-17,POR @ TOR,W,264,118,44,99,0.444,15,32,0.469,15,20,0.75,15,31,46,25,5,6,15,25,8.0
22013,1610612749,MIL,Milwaukee Bucks,0021300144,2013-11-16,MIL vs. OKC,L,240,79,30,86,0.349,8,22,0.364,11,15,0.733,14,38,52,18,7,6,16,21,-13.0
22013,1610612762,UTA,Utah Jazz,0021300145,2013-11-16,UTA @ GSW,L,240,88,35,77,0.455,8,17,0.471,10,16,0.625,7,25,32,18,7,5,17,18,-14.0
12013,1612709904,SXF,Sioux Falls Skyforce,2011300008,2013-11-16,SXF vs. IWA,W,239,111,39,90,0.433,9,29,0.31,24,35,0.686,14,41,55,23,4,4,20,34,12.0
22013,1610612744,GSW,Golden State Warriors,0021300145,2013-11-16,GSW vs. UTA,W,241,102,41,80,0.513,9,21,0.429,11,14,0.786,10,32,42,24,7,5,15,19,14.0
22013,1610612754,IND,Indiana Pacers,0021300140,2013-11-16,IND @ CHI,L,241,94,34,85,0.4,4,16,0.25,22,28,0.786,12,25,37,16,5,8,9,19,-16.0
12013,1612709911,IWA,Iowa Energy,2011300008,2013-11-16,IWA @ SXF,L,241,99,28,78,0.359,8,25,0.32,35,51,0.686,7,33,40,10,7,7,16,27,-12.0
22013,1610612740,NOP,New Orleans Pelicans,0021300143,2013-11-16,NOP vs. PHI,W,240,135,52,86,0.605,13,28,0.464,18,27,0.667,10,33,43,30,11,17,13,25,37.0
22013,1610612755,PHI,Philadelphia 76ers,0021300143,2013-11-16,PHI @ NOP,L,239,98,35,83,0.422,6,19,0.316,22,31,0.71,10,28,38,16,8,2,17,21,-37.0
22013,1610612738,BOS,Boston Celtics,0021300142,2013-11-16,BOS @ MIN,L,240,88,34,86,0.395,5,18,0.278,15,18,0.833,15,35,50,14,6,8,21,21,-18.0
22013,1610612750,MIN,Minnesota Timberwolves,0021300142,2013-11-16,MIN vs. BOS,W,242,106,40,94,0.426,7,23,0.304,19,22,0.864,16,34,50,19,13,3,13,17,18.0
22013,1610612753,ORL,Orlando Magic,0021300137,2013-11-16,ORL vs. DAL,L,240,100,37,70,0.529,4,15,0.267,22,28,0.786,5,35,40,22,4,1,17,21,-8.0
12013,1612709910,FWN,Fort Wayne Mad Ants,2011300009,2013-11-16,FWN vs. CTN,W,239,87,34,80,0.425,3,16,0.188,16,23,0.696,15,34,49,17,7,6,22,21,0.0
22013,1610612760,OKC,Oklahoma City Thunder,0021300144,2013-11-16,OKC @ MIL,W,241,92,34,82,0.415,5,17,0.294,19,27,0.704,12,39,51,17,7,6,11,19,13.0
22013,1610612743,DEN,Denver Nuggets,0021300141,2013-11-16,DEN @ HOU,L,239,111,45,99,0.455,8,24,0.333,13,18,0.722,18,25,43,22,8,7,13,33,-11.0
22013,1610612766,CHA,Charlotte Bobcats,0021300136,2013-11-16,CHA vs. MIA,L,242,81,29,83,0.349,8,27,0.296,15,20,0.75,10,26,36,20,5,3,8,20,-16.0
22013,1610612742,DAL,Dallas Mavericks,0021300137,2013-11-16,DAL @ ORL,W,240,108,43,84,0.512,10,27,0.37,12,18,0.667,5,25,30,27,12,3,8,22,8.0
22013,1610612737,ATL,Atlanta Hawks,0021300139,2013-11-16,ATL @ NYK,W,240,110,44,78,0.564,9,22,0.409,13,17,0.765,5,31,36,20,9,4,13,15,20.0
12013,1612709893,CTN,Canton Charge,2011300009,2013-11-16,CTN @ FWN,L,240,84,32,83,0.386,5,20,0.25,15,20,0.75,12,30,42,14,11,4,18,24,0.0
22013,1610612745,HOU,Houston Rockets,0021300141,2013-11-16,HOU vs. DEN,W,240,122,41,81,0.506,9,21,0.429,31,44,0.705,12,35,47,27,6,9,16,23,11.0
22013,1610612746,LAC,Los Angeles Clippers,0021300146,2013-11-16,LAC vs. BKN,W,241,110,40,77,0.519,10,23,0.435,20,30,0.667,13,38,51,23,6,7,17,21,7.0
22013,1610612748,MIA,Miami Heat,0021300136,2013-11-16,MIA @ CHA,W,241,97,35,69,0.507,6,15,0.4,21,23,0.913,6,37,43,18,5,8,15,22,16.0
22013,1610612752,NYK,New York Knicks,0021300139,2013-11-16,NYK vs. ATL,L,239,90,34,90,0.378,10,30,0.333,12,16,0.75,19,29,48,19,6,3,14,20,-20.0
22013,1610612739,CLE,Cleveland Cavaliers,0021300138,2013-11-16,CLE @ WAS,W,267,103,36,81,0.444,10,21,0.476,21,22,0.955,7,39,46,18,12,6,20,19,7.0
22013,1610612741,CHI,Chicago Bulls,0021300140,2013-11-16,CHI vs. IND,W,240,110,40,79,0.506,11,19,0.579,19,24,0.792,9,33,42,25,6,6,13,24,16.0
22013,1610612751,BKN,Brooklyn Nets,0021300146,2013-11-16,BKN @ LAC,L,240,103,36,85,0.424,9,23,0.391,22,33,0.667,16,23,39,24,7,1,11,26,-7.0
22013,1610612764,WAS,Washington Wizards,0021300138,2013-11-16,WAS vs. CLE,L,266,96,37,93,0.398,6,25,0.24,16,22,0.727,13,34,47,22,11,3,18,17,-7.0
22013,1610612755,PHI,Philadelphia 76ers,0021300127,2013-11-15,PHI @ ATL,L,241,103,40,86,0.465,5,19,0.263,18,23,0.783,9,30,39,21,6,4,16,19,-10.0
12013,1612709918,TEX,Texas Legends,2011300005,2013-11-15,TEX vs. RGV,,240,106,35,93,0.376,9,25,0.36,27,36,0.75,17,37,54,19,6,3,19,20,0.0
12013,1612709889,TUL,Tulsa 66ers,2011300006,2013-11-15,TUL vs. ERI,L,238,100,38,75,0.507,6,16,0.375,18,30,0.6,12,33,45,23,15,9,36,35,-15.0
22013,1610612766,CHA,Charlotte Bobcats,0021300129,2013-11-15,CHA @ CLE,W,240,86,32,80,0.4,8,20,0.4,14,20,0.7,12,35,47,23,8,8,16,13,6.0
22013,1610612756,PHX,Phoenix Suns,0021300132,2013-11-15,PHX vs. BKN,L,266,98,34,79,0.43,10,28,0.357,20,25,0.8,9,33,42,17,8,4,16,23,-2.0
22013,1610612759,SAS,San Antonio Spurs,0021300133,2013-11-15,SAS @ UTA,W,239,91,35,76,0.461,4,15,0.267,17,22,0.773,7,36,43,19,8,5,17,15,9.0
22013,1610612742,DAL,Dallas Mavericks,0021300130,2013-11-15,DAL @ MIA,L,240,104,37,74,0.5,12,28,0.429,18,21,0.857,6,28,34,22,11,6,24,20,-6.0
22013,1610612754,IND,Indiana Pacers,0021300125,2013-11-15,IND vs. MIL,W,240,104,40,79,0.506,5,16,0.313,19,21,0.905,9,35,44,14,5,11,13,20,27.0
22013,1610612749,MIL,Milwaukee Bucks,0021300125,2013-11-15,MIL @ IND,L,241,77,30,88,0.341,8,16,0.5,9,11,0.818,17,23,40,14,3,10,15,24,-27.0
22013,1610612750,MIN,Minnesota Timberwolves,0021300131,2013-11-15,MIN @ DEN,L,239,113,46,94,0.489,6,22,0.273,15,19,0.789,11,31,42,22,10,2,16,22,-4.0
22013,1610612747,LAL,Los Angeles Lakers,0021300134,2013-11-15,LAL vs. MEM,L,240,86,35,80,0.438,10,24,0.417,6,11,0.545,4,36,40,25,6,8,11,17,-3.0
22013,1610612751,BKN,Brooklyn Nets,0021300132,2013-11-15,BKN @ PHX,W,266,100,38,87,0.437,2,12,0.167,22,29,0.759,14,35,49,14,8,4,12,25,2.0
22013,1610612758,SAC,Sacramento Kings,0021300135,2013-11-15,SAC vs. DET,L,241,90,34,80,0.425,10,25,0.4,12,17,0.706,11,32,43,22,4,5,17,19,-7.0
22013,1610612761,TOR,Toronto Raptors,0021300126,2013-11-15,TOR vs. CHI,L,241,80,29,82,0.354,5,21,0.238,17,22,0.773,11,32,43,19,8,6,16,21,-16.0
22013,1610612763,MEM,Memphis Grizzlies,0021300134,2013-11-15,MEM @ LAL,W,241,89,37,85,0.435,1,13,0.077,14,14,1.0,10,41,51,27,7,5,9,13,3.0
22013,1610612762,UTA,Utah Jazz,0021300133,2013-11-15,UTA vs. SAS,L,240,82,35,91,0.385,5,16,0.313,7,11,0.636,16,34,50,16,9,4,18,23,-9.0
22013,1610612737,ATL,Atlanta Hawks,0021300127,2013-11-15,ATL vs. PHI,W,241,113,39,81,0.481,10,23,0.435,25,31,0.806,6,37,43,25,6,5,15,23,10.0
12013,1612709913,ERI,Erie BayHawks,2011300006,2013-11-15,ERI @ TUL,W,239,115,38,79,0.481,7,19,0.368,32,39,0.821,6,25,31,20,14,6,21,23,15.0
22013,1610612738,BOS,Boston Celtics,0021300128,2013-11-15,BOS vs. POR,L,240,96,37,81,0.457,7,18,0.389,15,19,0.789,4,30,34,17,8,4,15,21,-13.0
22013,1610612748,MIA,Miami Heat,0021300130,2013-11-15,MIA vs. DAL,W,240,110,40,74,0.541,5,13,0.385,25,30,0.833,4,30,34,17,19,5,16,15,6.0
12013,1612709908,RGV,Rio Grande Valley Vipers,2011300005,2013-11-15,RGV @ TEX,,239,106,40,100,0.4,9,46,0.196,17,25,0.68,20,41,61,11,9,7,20,27,0.0
22013,1610612739,CLE,Cleveland Cavaliers,0021300129,2013-11-15,CLE vs. CHA,L,241,80,32,79,0.405,4,15,0.267,12,17,0.706,10,33,43,19,10,6,15,17,-6.0
22013,1610612743,DEN,Denver Nuggets,0021300131,2013-11-15,DEN vs. MIN,W,240,117,47,97,0.485,7,20,0.35,16,21,0.762,14,32,46,28,7,9,15,17,4.0
22013,1610612765,DET,Detroit Pistons,0021300135,2013-11-15,DET @ SAC,W,239,97,38,85,0.447,6,23,0.261,15,24,0.625,13,33,46,26,10,6,12,20,7.0
22013,1610612741,CHI,Chicago Bulls,0021300126,2013-11-15,CHI @ TOR,W,239,96,36,80,0.45,7,16,0.438,17,19,0.895,11,37,48,21,6,5,15,21,16.0
22013,1610612757,POR,Portland Trail Blazers,0021300128,2013-11-15,POR @ BOS,W,239,109,40,82,0.488,9,26,0.346,20,22,0.909,8,39,47,21,9,2,18,20,13.0
12013,1612709889,TUL,Tulsa 66ers,2011300001,2013-11-14,TUL @ TEX,L,240,95,35,82,0.427,4,16,0.25,21,26,0.808,11,37,48,15,12,6,23,36,-7.0
12013,1612709913,ERI,Erie BayHawks,2011300003,2013-11-14,ERI vs. TEX,W,240,124,41,88,0.466,5,22,0.227,37,50,0.74,15,36,51,17,18,3,27,33,12.0
12013,1612709902,SCW,Santa Cruz Warriors,2011300004,2013-11-14,SCW vs. RNO,W,240,113,39,85,0.459,13,31,0.419,22,29,0.759,15,25,40,23,12,3,12,23,21.0
22013,1610612745,HOU,Houston Rockets,0021300123,2013-11-14,HOU @ NYK,W,241,109,31,68,0.456,9,28,0.321,38,44,0.864,11,32,43,14,6,6,14,19,3.0
12013,1612709914,RNO,Reno Bighorns,2011300004,2013-11-14,RNO @ SCW,L,241,92,33,75,0.44,6,19,0.316,20,29,0.69,14,31,45,15,4,3,22,25,-21.0
12013,1612709890,AUS,Austin Toros,2011300002,2013-11-14,AUS @ RGV,L,240,111,35,91,0.385,7,21,0.333,34,46,0.739,22,31,53,20,13,6,25,23,-7.0
12013,1612709918,TEX,Texas Legends,2011300003,2013-11-14,TEX @ ERI,L,241,112,36,80,0.45,10,29,0.345,30,39,0.769,8,32,40,15,5,3,28,35,-12.0
12013,1612709908,RGV,Rio Grande Valley Vipers,2011300002,2013-11-14,RGV vs. AUS,W,240,118,42,93,0.452,14,43,0.326,20,29,0.69,19,33,52,21,16,11,26,34,7.0
22013,1610612760,OKC,Oklahoma City Thunder,0021300124,2013-11-14,OKC @ GSW,L,240,115,41,80,0.513,9,22,0.409,24,28,0.857,13,35,48,20,4,3,19,17,-1.0
22013,1610612744,GSW,Golden State Warriors,0021300124,2013-11-14,GSW vs. OKC,W,240,116,45,94,0.479,14,23,0.609,12,14,0.857,9,22,31,26,12,5,7,22,1.0
22013,1610612752,NYK,New York Knicks,0021300123,2013-11-14,NYK vs. HOU,L,240,106,38,87,0.437,8,20,0.4,22,27,0.815,10,26,36,20,6,5,9,28,-3.0
12013,1612709918,TEX,Texas Legends,2011300001,2013-11-14,TEX vs. TUL,W,238,102,29,77,0.377,10,21,0.476,34,46,0.739,13,34,47,16,15,2,19,27,3.0
22013,1610612740,NOP,New Orleans Pelicans,0021300119,2013-11-13,NOP @ UTA,L,240,105,42,85,0.494,5,12,0.417,16,20,0.8,11,23,34,19,13,3,13,30,-6.0
22013,1610612749,MIL,Milwaukee Bucks,0021300111,2013-11-13,MIL @ ORL,L,240,91,33,74,0.446,5,13,0.385,20,22,0.909,7,32,39,16,9,7,18,19,-3.0
22013,1610612756,PHX,Phoenix Suns,0021300120,2013-11-13,PHX @ POR,L,240,89,37,86,0.43,5,15,0.333,10,13,0.769,10,31,41,16,11,1,14,21,-1.0
22013,1610612739,CLE,Cleveland Cavaliers,0021300115,2013-11-13,CLE @ MIN,L,239,95,36,87,0.414,5,16,0.313,18,21,0.857,10,27,37,18,4,1,11,18,-29.0
22013,1610612743,DEN,Denver Nuggets,0021300118,2013-11-13,DEN vs. LAL,W,239,111,40,100,0.4,6,21,0.286,25,37,0.676,23,35,58,23,11,8,8,20,12.0
22013,1610612762,UTA,Utah Jazz,0021300119,2013-11-13,UTA vs. NOP,W,240,111,37,72,0.514,9,22,0.409,28,39,0.718,14,30,44,23,9,7,21,19,6.0
22013,1610612753,ORL,Orlando Magic,0021300111,2013-11-13,ORL vs. MIL,W,239,94,35,82,0.427,9,26,0.346,15,21,0.714,13,32,45,20,7,8,15,17,3.0
22013,1610612761,TOR,Toronto Raptors,0021300114,2013-11-13,TOR @ MEM,W,239,103,31,67,0.463,8,15,0.533,33,39,0.846,9,28,37,14,12,6,13,21,16.0
22013,1610612738,BOS,Boston Celtics,0021300113,2013-11-13,BOS vs. CHA,L,239,83,29,77,0.377,7,21,0.333,18,25,0.72,10,35,45,15,5,2,15,26,-6.0
22013,1610612766,CHA,Charlotte Bobcats,0021300113,2013-11-13,CHA @ BOS,W,240,89,30,82,0.366,3,12,0.25,26,30,0.867,12,38,50,16,8,5,11,20,6.0
22013,1610612751,BKN,Brooklyn Nets,0021300121,2013-11-13,BKN @ SAC,L,239,86,31,82,0.378,3,13,0.231,21,27,0.778,10,42,52,14,2,7,15,23,-21.0
22013,1610612757,POR,Portland Trail Blazers,0021300120,2013-11-13,POR vs. PHX,W,240,90,35,84,0.417,6,15,0.4,14,23,0.609,14,37,51,15,5,3,16,13,1.0
22013,1610612760,OKC,Oklahoma City Thunder,0021300122,2013-11-13,OKC @ LAC,L,240,103,35,75,0.467,6,16,0.375,27,33,0.818,8,27,35,27,12,3,22,29,-8.0
22013,1610612755,PHI,Philadelphia 76ers,0021300112,2013-11-13,PHI vs. HOU,W,265,123,43,103,0.417,11,25,0.44,26,34,0.765,15,35,50,29,12,8,13,23,6.0
22013,1610612764,WAS,Washington Wizards,0021300117,2013-11-13,WAS @ SAS,L,239,79,33,91,0.363,5,15,0.333,8,11,0.727,12,32,44,15,11,3,9,11,-13.0
22013,1610612745,HOU,Houston Rockets,0021300112,2013-11-13,HOU @ PHI,L,265,117,43,96,0.448,15,41,0.366,16,25,0.64,13,37,50,34,8,15,19,27,-6.0
22013,1610612747,LAL,Los Angeles Lakers,0021300118,2013-11-13,LAL @ DEN,L,240,99,37,94,0.394,8,21,0.381,17,26,0.654,19,32,51,20,4,9,14,27,-12.0
22013,1610612759,SAS,San Antonio Spurs,0021300117,2013-11-13,SAS vs. WAS,W,238,92,39,77,0.506,8,22,0.364,6,8,0.75,5,42,47,28,6,4,17,14,13.0
22013,1610612746,LAC,Los Angeles Clippers,0021300122,2013-11-13,LAC vs. OKC,W,242,111,39,86,0.453,6,28,0.214,27,34,0.794,18,32,50,30,15,4,22,23,8.0
22013,1610612758,SAC,Sacramento Kings,0021300121,2013-11-13,SAC vs. BKN,W,241,107,41,94,0.436,8,24,0.333,17,23,0.739,12,38,50,26,8,3,6,23,21.0
22013,1610612752,NYK,New York Knicks,0021300116,2013-11-13,NYK @ ATL,W,240,95,37,88,0.42,12,34,0.353,9,13,0.692,8,29,37,24,11,3,3,19,4.0
22013,1610612750,MIN,Minnesota Timberwolves,0021300115,2013-11-13,MIN vs. CLE,W,241,124,45,82,0.549,11,22,0.5,23,26,0.885,8,41,49,34,5,5,9,20,29.0
22013,1610612737,ATL,Atlanta Hawks,0021300116,2013-11-13,ATL vs. NYK,L,241,91,35,77,0.455,5,24,0.208,16,21,0.762,8,39,47,22,1,6,15,15,-4.0
22013,1610612763,MEM,Memphis Grizzlies,0021300114,2013-11-13,MEM vs. TOR,L,239,87,35,82,0.427,6,21,0.286,11,17,0.647,11,29,40,24,6,5,17,24,-16.0
22013,1610612765,DET,Detroit Pistons,0021300109,2013-11-12,DET @ GSW,L,242,95,37,87,0.425,3,18,0.167,18,27,0.667,16,18,34,16,12,4,12,25,-18.0
22013,1610612742,DAL,Dallas Mavericks,0021300108,2013-11-12,DAL vs. WAS,W,240,105,41,84,0.488,10,26,0.385,13,19,0.684,11,31,42,25,9,2,15,20,10.0
22013,1610612749,MIL,Milwaukee Bucks,0021300107,2013-11-12,MIL @ MIA,L,240,95,33,79,0.418,11,30,0.367,18,21,0.857,8,26,34,19,10,1,18,15,-23.0
22013,1610612747,LAL,Los Angeles Lakers,0021300110,2013-11-12,LAL vs. NOP,W,240,116,44,79,0.557,11,20,0.55,17,21,0.81,9,44,53,33,7,4,19,31,21.0
22013,1610612764,WAS,Washington Wizards,0021300108,2013-11-12,WAS @ DAL,L,240,95,33,75,0.44,9,26,0.346,20,29,0.69,11,33,44,24,12,4,19,20,-10.0
22013,1610612748,MIA,Miami Heat,0021300107,2013-11-12,MIA vs. MIL,W,242,118,46,79,0.582,12,23,0.522,14,24,0.583,5,35,40,29,9,7,13,17,23.0
22013,1610612744,GSW,Golden State Warriors,0021300109,2013-11-12,GSW vs. DET,W,240,113,42,70,0.6,8,16,0.5,21,26,0.808,10,33,43,28,5,3,23,25,18.0
22013,1610612740,NOP,New Orleans Pelicans,0021300110,2013-11-12,NOP @ LAL,L,240,95,34,84,0.405,3,10,0.3,24,33,0.727,9,22,31,23,11,3,13,20,-21.0
22013,1610612741,CHI,Chicago Bulls,0021300102,2013-11-11,CHI vs. CLE,W,241,96,34,83,0.41,4,16,0.25,24,26,0.923,14,27,41,24,9,7,11,21,15.0
22013,1610612757,POR,Portland Trail Blazers,0021300105,2013-11-11,POR vs. DET,W,241,109,42,82,0.512,11,23,0.478,14,15,0.933,13,31,44,23,7,2,15,16,6.0
22013,1610612738,BOS,Boston Celtics,0021300101,2013-11-11,BOS vs. ORL,W,239,120,51,85,0.6,5,12,0.417,13,15,0.867,8,28,36,28,11,7,13,19,15.0
22013,1610612753,ORL,Orlando Magic,0021300101,2013-11-11,ORL @ BOS,L,241,105,39,85,0.459,7,18,0.389,20,23,0.87,14,23,37,27,7,4,18,18,-15.0
22013,1610612750,MIN,Minnesota Timberwolves,0021300106,2013-11-11,MIN @ LAC,L,241,107,40,96,0.417,11,29,0.379,16,18,0.889,16,29,45,27,7,2,12,25,-2.0
22013,1610612766,CHA,Charlotte Bobcats,0021300098,2013-11-11,CHA vs. ATL,L,239,94,33,81,0.407,5,13,0.385,23,29,0.793,10,30,40,22,4,0,14,24,-9.0
22013,1610612737,ATL,Atlanta Hawks,0021300098,2013-11-11,ATL @ CHA,W,238,103,35,76,0.461,10,27,0.37,23,28,0.821,6,35,41,26,7,3,13,22,9.0
22013,1610612765,DET,Detroit Pistons,0021300105,2013-11-11,DET @ POR,L,239,103,42,91,0.462,3,14,0.214,16,21,0.762,18,24,42,20,10,2,8,13,-6.0
22013,1610612754,IND,Indiana Pacers,0021300099,2013-11-11,IND vs. MEM,W,240,95,37,76,0.487,6,19,0.316,15,18,0.833,9,36,45,25,5,9,13,22,16.0
22013,1610612739,CLE,Cleveland Cavaliers,0021300102,2013-11-11,CLE @ CHI,L,241,81,31,75,0.413,5,14,0.357,14,20,0.7,11,27,38,13,7,11,18,22,-15.0
22013,1610612761,TOR,Toronto Raptors,0021300103,2013-11-11,TOR @ HOU,L,290,104,38,114,0.333,8,25,0.32,20,27,0.741,20,31,51,10,12,5,13,38,-6.0
22013,1610612763,MEM,Memphis Grizzlies,0021300099,2013-11-11,MEM @ IND,L,240,79,31,75,0.413,4,8,0.5,13,19,0.684,7,25,32,19,6,4,10,20,-16.0
22013,1610612759,SAS,San Antonio Spurs,0021300100,2013-11-11,SAS @ PHI,W,239,109,44,89,0.494,13,28,0.464,8,11,0.727,11,39,50,29,9,2,12,15,24.0
22013,1610612745,HOU,Houston Rockets,0021300103,2013-11-11,HOU vs. TOR,W,290,110,37,84,0.44,7,26,0.269,29,47,0.617,13,46,59,21,8,14,23,30,6.0
22013,1610612746,LAC,Los Angeles Clippers,0021300106,2013-11-11,LAC vs. MIN,W,240,109,44,80,0.55,4,16,0.25,17,28,0.607,6,37,43,30,9,2,14,17,2.0
22013,1610612743,DEN,Denver Nuggets,0021300104,2013-11-11,DEN @ UTA,W,239,100,36,80,0.45,5,17,0.294,23,27,0.852,13,39,52,18,5,1,14,28,19.0
22013,1610612762,UTA,Utah Jazz,0021300104,2013-11-11,UTA vs. DEN,L,240,81,31,77,0.403,3,17,0.176,16,23,0.696,9,26,35,11,4,6,14,22,-19.0
22013,1610612755,PHI,Philadelphia 76ers,0021300100,2013-11-11,PHI vs. SAS,L,240,85,34,82,0.415,5,19,0.263,12,16,0.75,11,29,40,19,4,9,15,12,-24.0
22013,1610612740,NOP,New Orleans Pelicans,0021300096,2013-11-10,NOP @ PHX,L,239,94,39,88,0.443,4,13,0.308,12,13,0.923,14,29,43,20,6,3,15,20,-7.0
22013,1610612750,MIN,Minnesota Timberwolves,0021300097,2013-11-10,MIN @ LAL,W,240,113,44,90,0.489,10,20,0.5,15,19,0.789,12,41,53,29,14,5,21,15,23.0
22013,1610612760,OKC,Oklahoma City Thunder,0021300095,2013-11-10,OKC vs. WAS,W,265,106,41,92,0.446,6,20,0.3,18,22,0.818,16,42,58,21,7,8,17,20,1.0
22013,1610612764,WAS,Washington Wizards,0021300095,2013-11-10,WAS @ OKC,L,264,105,40,88,0.455,12,29,0.414,13,26,0.5,7,34,41,23,5,7,12,19,-1.0
22013,1610612747,LAL,Los Angeles Lakers,0021300097,2013-11-10,LAL vs. MIN,L,239,90,35,92,0.38,10,26,0.385,10,18,0.556,16,30,46,24,8,8,18,16,-23.0
22013,1610612756,PHX,Phoenix Suns,0021300096,2013-11-10,PHX vs. NOP,W,240,101,38,78,0.487,7,22,0.318,18,23,0.783,10,30,40,14,10,11,14,16,7.0
22013,1610612759,SAS,San Antonio Spurs,0021300094,2013-11-10,SAS @ NYK,W,242,120,41,76,0.539,12,28,0.429,26,30,0.867,9,42,51,22,5,4,13,19,31.0
22013,1610612752,NYK,New York Knicks,0021300094,2013-11-10,NYK vs. SAS,L,241,89,31,82,0.378,6,22,0.273,21,29,0.724,9,24,33,16,6,1,10,22,-31.0
22013,1610612761,TOR,Toronto Raptors,0021300085,2013-11-09,TOR vs. UTA,W,240,115,40,83,0.482,10,25,0.4,25,29,0.862,13,27,40,23,8,4,12,20,24.0
22013,1610612749,MIL,Milwaukee Bucks,0021300092,2013-11-09,MIL vs. DAL,L,241,83,31,81,0.383,11,23,0.478,10,16,0.625,11,31,42,16,7,2,20,21,-8.0
22013,1610612755,PHI,Philadelphia 76ers,0021300088,2013-11-09,PHI @ CLE,L,290,125,47,99,0.475,11,27,0.407,20,23,0.87,9,35,44,24,10,3,19,22,-2.0
22013,1610612746,LAC,Los Angeles Clippers,0021300090,2013-11-09,LAC @ HOU,W,241,107,42,88,0.477,9,24,0.375,14,23,0.609,15,30,45,26,10,7,13,28,13.0
22013,1610612742,DAL,Dallas Mavericks,0021300092,2013-11-09,DAL @ MIL,W,240,91,33,78,0.423,6,19,0.316,19,21,0.905,12,35,47,17,11,5,19,18,8.0
22013,1610612754,IND,Indiana Pacers,0021300087,2013-11-09,IND @ BKN,W,240,96,37,80,0.463,7,14,0.5,15,20,0.75,11,31,42,24,9,3,13,18,5.0
22013,1610612751,BKN,Brooklyn Nets,0021300087,2013-11-09,BKN vs. IND,L,240,91,35,76,0.461,8,19,0.421,13,16,0.813,7,31,38,20,9,2,15,21,-5.0
22013,1610612744,GSW,Golden State Warriors,0021300091,2013-11-09,GSW @ MEM,L,239,90,33,78,0.423,10,30,0.333,14,26,0.538,9,24,33,17,8,3,17,24,-18.0
22013,1610612748,MIA,Miami Heat,0021300089,2013-11-09,MIA vs. BOS,L,240,110,41,71,0.577,5,10,0.5,23,34,0.676,4,27,31,26,4,7,10,13,-1.0
22013,1610612757,POR,Portland Trail Blazers,0021300093,2013-11-09,POR @ SAC,W,241,96,36,82,0.439,9,20,0.45,15,22,0.682,19,33,52,25,6,2,12,17,11.0
22013,1610612758,SAC,Sacramento Kings,0021300093,2013-11-09,SAC vs. POR,L,238,85,36,78,0.462,3,12,0.25,10,14,0.714,8,25,33,17,7,2,10,20,-11.0
22013,1610612745,HOU,Houston Rockets,0021300090,2013-11-09,HOU vs. LAC,L,241,94,35,78,0.449,7,26,0.269,17,27,0.63,10,32,42,21,10,5,18,23,-13.0
22013,1610612763,MEM,Memphis Grizzlies,0021300091,2013-11-09,MEM vs. GSW,W,240,108,42,79,0.532,5,13,0.385,19,25,0.76,8,36,44,25,8,5,16,23,18.0
22013,1610612737,ATL,Atlanta Hawks,0021300086,2013-11-09,ATL vs. ORL,W,240,104,43,90,0.478,6,19,0.316,12,17,0.706,7,32,39,36,9,6,12,15,10.0
22013,1610612753,ORL,Orlando Magic,0021300086,2013-11-09,ORL @ ATL,L,240,94,38,82,0.463,8,17,0.471,10,18,0.556,9,27,36,22,9,2,17,24,-10.0
22013,1610612739,CLE,Cleveland Cavaliers,0021300088,2013-11-09,CLE vs. PHI,W,289,127,46,102,0.451,13,31,0.419,22,29,0.759,14,36,50,28,10,10,18,21,2.0
22013,1610612762,UTA,Utah Jazz,0021300085,2013-11-09,UTA @ TOR,L,239,91,34,77,0.442,3,18,0.167,20,24,0.833,12,25,37,20,7,5,14,24,-24.0
22013,1610612738,BOS,Boston Celtics,0021300089,2013-11-09,BOS @ MIA,W,242,111,46,89,0.517,10,21,0.476,9,12,0.75,11,28,39,24,4,5,12,25,1.0
22013,1610612764,WAS,Washington Wizards,0021300077,2013-11-08,WAS vs. BKN,W,265,112,41,88,0.466,10,24,0.417,20,26,0.769,7,29,36,28,10,4,16,19,4.0
22013,1610612753,ORL,Orlando Magic,0021300075,2013-11-08,ORL vs. BOS,L,239,89,33,83,0.398,4,20,0.2,19,29,0.655,16,40,56,19,4,4,20,24,-2.0
22013,1610612758,SAC,Sacramento Kings,0021300084,2013-11-08,SAC @ POR,L,240,91,36,86,0.419,6,22,0.273,13,15,0.867,8,23,31,20,11,1,11,24,-13.0
22013,1610612743,DEN,Denver Nuggets,0021300083,2013-11-08,DEN @ PHX,L,240,103,36,80,0.45,8,22,0.364,23,28,0.821,7,30,37,17,11,2,20,26,-11.0
22013,1610612740,NOP,New Orleans Pelicans,0021300081,2013-11-08,NOP vs. LAL,W,239,96,38,87,0.437,3,9,0.333,17,22,0.773,11,39,50,25,10,8,8,22,11.0
22013,1610612756,PHX,Phoenix Suns,0021300083,2013-11-08,PHX vs. DEN,W,239,114,40,83,0.482,9,20,0.45,25,32,0.781,11,37,48,21,11,3,20,22,11.0
22013,1610612765,DET,Detroit Pistons,0021300078,2013-11-08,DET vs. OKC,L,240,110,39,91,0.429,11,31,0.355,21,27,0.778,16,26,42,22,10,6,13,27,-9.0
22013,1610612738,BOS,Boston Celtics,0021300075,2013-11-08,BOS @ ORL,W,242,91,34,95,0.358,2,14,0.143,21,26,0.808,19,31,50,19,11,5,11,24,2.0
22013,1610612761,TOR,Toronto Raptors,0021300074,2013-11-08,TOR @ IND,L,240,84,32,81,0.395,6,18,0.333,14,16,0.875,15,27,42,16,7,6,15,22,-7.0
22013,1610612759,SAS,San Antonio Spurs,0021300082,2013-11-08,SAS vs. GSW,W,240,76,31,79,0.392,5,19,0.263,9,18,0.5,11,31,42,19,9,3,12,18,2.0
22013,1610612750,MIN,Minnesota Timberwolves,0021300080,2013-11-08,MIN vs. DAL,W,240,116,41,89,0.461,8,20,0.4,26,30,0.867,16,28,44,26,8,6,14,15,8.0
22013,1610612741,CHI,Chicago Bulls,0021300079,2013-11-08,CHI vs. UTA,W,240,97,38,72,0.528,3,8,0.375,18,25,0.72,11,37,48,26,12,6,20,24,24.0
22013,1610612760,OKC,Oklahoma City Thunder,0021300078,2013-11-08,OKC @ DET,W,240,119,37,82,0.451,6,17,0.353,39,44,0.886,17,35,52,22,9,9,13,22,9.0
22013,1610612747,LAL,Los Angeles Lakers,0021300081,2013-11-08,LAL @ NOP,L,240,85,31,80,0.388,6,19,0.316,17,26,0.654,12,36,48,19,2,4,14,18,-11.0
22013,1610612752,NYK,New York Knicks,0021300073,2013-11-08,NYK @ CHA,W,240,101,42,90,0.467,12,26,0.462,5,9,0.556,12,25,37,25,5,9,12,22,10.0
22013,1610612742,DAL,Dallas Mavericks,0021300080,2013-11-08,DAL @ MIN,L,240,108,44,90,0.489,10,22,0.455,10,15,0.667,14,26,40,21,9,7,17,21,-8.0
22013,1610612755,PHI,Philadelphia 76ers,0021300076,2013-11-08,PHI vs. CLE,W,239,94,40,84,0.476,7,21,0.333,7,9,0.778,12,35,47,25,5,8,17,18,15.0
22013,1610612754,IND,Indiana Pacers,0021300074,2013-11-08,IND vs. TOR,W,240,91,36,78,0.462,6,21,0.286,13,16,0.813,9,29,38,20,5,6,15,19,7.0
22013,1610612762,UTA,Utah Jazz,0021300079,2013-11-08,UTA @ CHI,L,240,73,25,85,0.294,7,20,0.35,16,25,0.64,17,23,40,18,13,4,17,21,-24.0
22013,1610612751,BKN,Brooklyn Nets,0021300077,2013-11-08,BKN @ WAS,L,265,108,41,88,0.466,6,24,0.25,20,29,0.69,11,40,51,23,11,3,21,27,-4.0
22013,1610612766,CHA,Charlotte Bobcats,0021300073,2013-11-08,CHA vs. NYK,L,240,91,31,76,0.408,4,16,0.25,25,30,0.833,10,31,41,13,4,8,14,15,-10.0
22013,1610612739,CLE,Cleveland Cavaliers,0021300076,2013-11-08,CLE @ PHI,L,239,79,30,90,0.333,9,26,0.346,10,14,0.714,18,25,43,22,9,4,13,12,-15.0
22013,1610612744,GSW,Golden State Warriors,0021300082,2013-11-08,GSW @ SAS,L,239,74,29,71,0.408,8,20,0.4,8,10,0.8,6,39,45,16,7,4,19,20,-2.0
22013,1610612757,POR,Portland Trail Blazers,0021300084,2013-11-08,POR vs. SAC,W,239,104,39,80,0.488,10,23,0.435,16,18,0.889,11,36,47,28,4,5,17,18,13.0
22013,1610612747,LAL,Los Angeles Lakers,0021300072,2013-11-07,LAL @ HOU,W,240,99,36,92,0.391,16,35,0.457,11,15,0.733,13,34,47,26,8,6,24,36,1.0
22013,1610612748,MIA,Miami Heat,0021300070,2013-11-07,MIA vs. LAC,W,240,102,38,71,0.535,5,16,0.313,21,33,0.636,8,22,30,27,6,3,16,23,5.0
22013,1610612743,DEN,Denver Nuggets,0021300071,2013-11-07,DEN vs. ATL,W,240,109,42,86,0.488,14,25,0.56,11,17,0.647,10,35,45,28,4,8,16,18,2.0
22013,1610612746,LAC,Los Angeles Clippers,0021300070,2013-11-07,LAC @ MIA,L,238,97,36,73,0.493,8,24,0.333,17,21,0.81,9,29,38,22,8,1,17,30,-5.0
22013,1610612737,ATL,Atlanta Hawks,0021300071,2013-11-07,ATL @ DEN,L,239,107,43,94,0.457,8,26,0.308,13,19,0.684,13,33,46,31,11,9,11,23,-2.0
22013,1610612745,HOU,Houston Rockets,0021300072,2013-11-07,HOU vs. LAL,L,240,98,29,77,0.377,7,27,0.259,33,52,0.635,8,36,44,17,12,7,17,17,-1.0
22013,1610612766,CHA,Charlotte Bobcats,0021300060,2013-11-06,CHA vs. TOR,W,241,92,36,73,0.493,3,15,0.2,17,30,0.567,10,27,37,24,5,8,8,19,2.0
22013,1610612756,PHX,Phoenix Suns,0021300068,2013-11-06,PHX @ SAS,L,239,96,42,85,0.494,7,19,0.368,5,9,0.556,5,38,43,14,7,5,18,17,-3.0
22013,1610612755,PHI,Philadelphia 76ers,0021300063,2013-11-06,PHI vs. WAS,L,242,102,39,83,0.47,6,18,0.333,18,26,0.692,11,39,50,26,5,3,20,15,-14.0
22013,1610612746,LAC,Los Angeles Clippers,0021300062,2013-11-06,LAC @ ORL,L,240,90,36,95,0.379,3,19,0.158,15,21,0.714,15,36,51,20,9,5,13,19,-8.0
22013,1610612738,BOS,Boston Celtics,0021300064,2013-11-06,BOS vs. UTA,W,240,97,40,89,0.449,7,20,0.35,10,14,0.714,10,32,42,22,5,4,14,18,10.0
22013,1610612754,IND,Indiana Pacers,0021300061,2013-11-06,IND vs. CHI,W,240,97,36,86,0.419,7,18,0.389,18,21,0.857,17,35,52,21,9,7,14,24,17.0
22013,1610612763,MEM,Memphis Grizzlies,0021300065,2013-11-06,MEM vs. NOP,L,242,84,34,71,0.479,4,15,0.267,12,14,0.857,7,22,29,17,5,5,18,20,-15.0
22013,1610612750,MIN,Minnesota Timberwolves,0021300067,2013-11-06,MIN vs. GSW,L,238,93,34,90,0.378,4,16,0.25,21,27,0.778,10,30,40,22,6,3,19,19,-13.0
22013,1610612753,ORL,Orlando Magic,0021300062,2013-11-06,ORL vs. LAC,W,241,98,40,82,0.488,5,16,0.313,13,17,0.765,7,44,51,21,7,4,15,17,8.0
22013,1610612749,MIL,Milwaukee Bucks,0021300066,2013-11-06,MIL vs. CLE,W,240,109,36,72,0.5,13,23,0.565,24,26,0.923,9,32,41,25,3,4,14,18,5.0
22013,1610612762,UTA,Utah Jazz,0021300064,2013-11-06,UTA @ BOS,L,240,87,37,80,0.463,1,10,0.1,12,18,0.667,11,31,42,14,8,4,20,22,-10.0
22013,1610612740,NOP,New Orleans Pelicans,0021300065,2013-11-06,NOP @ MEM,W,241,99,38,78,0.487,4,13,0.308,19,21,0.905,13,26,39,16,10,5,13,17,15.0
22013,1610612739,CLE,Cleveland Cavaliers,0021300066,2013-11-06,CLE @ MIL,L,240,104,38,85,0.447,12,28,0.429,16,22,0.727,12,27,39,20,10,2,9,21,-5.0
22013,1610612744,GSW,Golden State Warriors,0021300067,2013-11-06,GSW @ MIN,W,240,106,42,84,0.5,8,20,0.4,14,20,0.7,9,40,49,23,12,11,21,29,13.0
22013,1610612759,SAS,San Antonio Spurs,0021300068,2013-11-06,SAS vs. PHX,W,240,99,41,85,0.482,6,16,0.375,11,15,0.733,6,33,39,25,5,7,14,17,3.0
22013,1610612741,CHI,Chicago Bulls,0021300061,2013-11-06,CHI @ IND,L,239,80,26,73,0.356,5,15,0.333,23,27,0.852,11,29,40,15,4,5,17,20,-17.0
22013,1610612760,OKC,Oklahoma City Thunder,0021300069,2013-11-06,OKC vs. DAL,W,241,107,43,79,0.544,5,13,0.385,16,23,0.696,10,34,44,28,10,5,23,17,14.0
22013,1610612764,WAS,Washington Wizards,0021300063,2013-11-06,WAS @ PHI,W,240,116,43,98,0.439,18,33,0.545,12,16,0.75,10,30,40,32,10,5,11,20,14.0
22013,1610612761,TOR,Toronto Raptors,0021300060,2013-11-06,TOR @ CHA,L,242,90,35,79,0.443,7,16,0.438,13,15,0.867,11,27,38,18,2,3,12,27,-2.0
22013,1610612742,DAL,Dallas Mavericks,0021300069,2013-11-06,DAL @ OKC,L,241,93,36,85,0.424,9,23,0.391,12,14,0.857,11,25,36,17,12,2,21,16,-14.0
22013,1610612761,TOR,Toronto Raptors,0021300051,2013-11-05,TOR vs. MIA,L,241,95,31,72,0.431,6,21,0.286,27,33,0.818,13,27,40,15,4,1,15,21,-9.0
22013,1610612737,ATL,Atlanta Hawks,0021300059,2013-11-05,ATL @ SAC,W,242,105,39,81,0.481,8,22,0.364,19,26,0.731,9,27,36,26,11,7,14,15,5.0
22013,1610612742,DAL,Dallas Mavericks,0021300056,2013-11-05,DAL vs. LAL,W,240,123,49,94,0.521,13,27,0.481,12,14,0.857,10,40,50,34,10,3,12,14,19.0
22013,1610612745,HOU,Houston Rockets,0021300058,2013-11-05,HOU @ POR,W,241,116,41,75,0.547,6,22,0.273,28,34,0.824,10,37,47,17,6,3,20,27,15.0
22013,1610612762,UTA,Utah Jazz,0021300052,2013-11-05,UTA @ BKN,L,240,88,31,82,0.378,4,18,0.222,22,30,0.733,19,28,47,17,6,3,20,24,-16.0
22013,1610612756,PHX,Phoenix Suns,0021300055,2013-11-05,PHX @ NOP,W,239,104,39,78,0.5,12,25,0.48,14,22,0.636,7,34,41,25,10,4,15,20,6.0
22013,1610612765,DET,Detroit Pistons,0021300053,2013-11-05,DET vs. IND,L,241,91,33,87,0.379,5,25,0.2,20,25,0.8,13,29,42,13,10,6,14,24,-8.0
22013,1610612752,NYK,New York Knicks,0021300054,2013-11-05,NYK vs. CHA,L,241,97,35,82,0.427,8,28,0.286,19,23,0.826,11,22,33,12,11,4,14,27,-5.0
22013,1610612754,IND,Indiana Pacers,0021300053,2013-11-05,IND @ DET,W,240,99,38,73,0.521,9,21,0.429,14,23,0.609,4,41,45,26,6,9,18,21,8.0
22013,1610612766,CHA,Charlotte Bobcats,0021300054,2013-11-05,CHA @ NYK,W,240,102,30,71,0.423,8,21,0.381,34,42,0.81,16,35,51,17,9,5,22,25,5.0
22013,1610612740,NOP,New Orleans Pelicans,0021300055,2013-11-05,NOP vs. PHX,L,240,98,37,85,0.435,10,18,0.556,14,19,0.737,8,32,40,26,12,11,13,20,-6.0
22013,1610612751,BKN,Brooklyn Nets,0021300052,2013-11-05,BKN vs. UTA,W,240,104,40,78,0.513,4,11,0.364,20,32,0.625,11,28,39,23,11,3,15,27,16.0
22013,1610612743,DEN,Denver Nuggets,0021300057,2013-11-05,DEN vs. SAS,L,240,94,35,83,0.422,9,19,0.474,15,20,0.75,10,35,45,22,4,4,22,23,-8.0
22013,1610612759,SAS,San Antonio Spurs,0021300057,2013-11-05,SAS @ DEN,W,239,102,40,86,0.465,4,16,0.25,18,20,0.9,8,31,39,27,14,9,16,22,8.0
22013,1610612758,SAC,Sacramento Kings,0021300059,2013-11-05,SAC vs. ATL,L,240,100,35,80,0.438,10,31,0.323,20,21,0.952,10,29,39,22,10,4,18,26,-5.0
22013,1610612757,POR,Portland Trail Blazers,0021300058,2013-11-05,POR vs. HOU,L,239,101,36,87,0.414,10,31,0.323,19,29,0.655,11,19,30,22,9,6,14,28,-15.0
22013,1610612748,MIA,Miami Heat,0021300051,2013-11-05,MIA @ TOR,W,241,104,41,83,0.494,10,23,0.435,12,14,0.857,10,28,38,31,7,4,11,27,9.0
22013,1610612747,LAL,Los Angeles Lakers,0021300056,2013-11-05,LAL @ DAL,L,238,104,39,88,0.443,12,31,0.387,14,20,0.7,9,26,35,21,9,4,14,12,-19.0
22013,1610612763,MEM,Memphis Grizzlies,0021300049,2013-11-04,MEM vs. BOS,W,241,95,36,74,0.486,5,15,0.333,18,22,0.818,9,27,36,23,6,2,18,19,7.0
22013,1610612745,HOU,Houston Rockets,0021300050,2013-11-04,HOU @ LAC,L,241,118,41,82,0.5,7,25,0.28,29,43,0.674,13,33,46,21,7,3,15,22,-19.0
22013,1610612755,PHI,Philadelphia 76ers,0021300048,2013-11-04,PHI vs. GSW,L,240,90,31,88,0.352,5,25,0.2,23,37,0.622,14,38,52,19,9,3,24,18,-20.0
22013,1610612746,LAC,Los Angeles Clippers,0021300050,2013-11-04,LAC vs. HOU,W,241,137,49,94,0.521,15,38,0.395,24,28,0.857,9,29,38,33,7,7,10,29,19.0
22013,1610612744,GSW,Golden State Warriors,0021300048,2013-11-04,GSW @ PHI,W,241,110,41,92,0.446,15,38,0.395,13,20,0.65,13,41,54,28,18,7,22,24,20.0
22013,1610612739,CLE,Cleveland Cavaliers,0021300047,2013-11-04,CLE vs. MIN,W,240,93,39,85,0.459,5,16,0.313,10,11,0.909,11,38,49,22,10,12,23,24,1.0
22013,1610612738,BOS,Boston Celtics,0021300049,2013-11-04,BOS @ MEM,L,241,88,33,70,0.471,7,20,0.35,15,18,0.833,4,28,32,14,9,6,17,21,-7.0
22013,1610612750,MIN,Minnesota Timberwolves,0021300047,2013-11-04,MIN @ CLE,L,239,92,34,94,0.362,5,28,0.179,19,24,0.792,12,31,43,21,16,5,17,15,-1.0
22013,1610612756,PHX,Phoenix Suns,0021300044,2013-11-03,PHX @ OKC,L,241,96,32,80,0.4,14,37,0.378,18,22,0.818,12,31,43,21,11,3,23,23,-7.0
22013,1610612751,BKN,Brooklyn Nets,0021300043,2013-11-03,BKN @ ORL,L,240,86,34,89,0.382,4,17,0.235,14,15,0.933,11,31,42,23,5,8,12,23,-21.0
22013,1610612764,WAS,Washington Wizards,0021300042,2013-11-03,WAS @ MIA,L,239,93,35,82,0.427,12,30,0.4,11,16,0.688,17,24,41,22,8,2,20,26,-10.0
22013,1610612738,BOS,Boston Celtics,0021300041,2013-11-03,BOS @ DET,L,240,77,31,74,0.419,3,16,0.188,12,12,1.0,8,29,37,15,15,3,23,22,-10.0
22013,1610612747,LAL,Los Angeles Lakers,0021300046,2013-11-03,LAL vs. ATL,W,241,105,38,89,0.427,9,25,0.36,20,24,0.833,6,47,53,27,5,7,13,24,2.0
22013,1610612760,OKC,Oklahoma City Thunder,0021300044,2013-11-03,OKC vs. PHX,W,242,103,35,82,0.427,2,18,0.111,31,37,0.838,10,31,41,20,8,4,15,22,7.0
22013,1610612753,ORL,Orlando Magic,0021300043,2013-11-03,ORL vs. BKN,W,240,107,42,89,0.472,7,17,0.412,16,22,0.727,13,41,54,19,7,4,15,19,21.0
22013,1610612737,ATL,Atlanta Hawks,0021300046,2013-11-03,ATL @ LAL,L,242,103,40,90,0.444,9,22,0.409,14,26,0.538,10,42,52,26,9,3,11,22,-2.0
22013,1610612765,DET,Detroit Pistons,0021300041,2013-11-03,DET vs. BOS,W,241,87,34,76,0.447,2,13,0.154,17,29,0.586,15,29,44,16,15,7,21,15,10.0
22013,1610612748,MIA,Miami Heat,0021300042,2013-11-03,MIA vs. WAS,W,241,103,37,70,0.529,11,27,0.407,18,27,0.667,8,24,32,32,9,6,16,18,10.0
22013,1610612750,MIN,Minnesota Timberwolves,0021300045,2013-11-03,MIN @ NYK,W,242,109,35,79,0.443,10,27,0.37,29,38,0.763,10,33,43,23,9,1,12,16,9.0
22013,1610612752,NYK,New York Knicks,0021300045,2013-11-03,NYK vs. MIN,L,241,100,40,89,0.449,9,32,0.281,11,13,0.846,14,35,49,21,7,3,16,26,-9.0
22013,1610612740,NOP,New Orleans Pelicans,0021300035,2013-11-02,NOP vs. CHA,W,241,105,37,75,0.493,7,13,0.538,24,28,0.857,8,35,43,30,10,18,17,26,21.0
22013,1610612741,CHI,Chicago Bulls,0021300034,2013-11-02,CHI @ PHI,L,240,104,42,93,0.452,3,14,0.214,17,19,0.895,17,34,51,28,8,5,18,14,-3.0
22013,1610612749,MIL,Milwaukee Bucks,0021300037,2013-11-02,MIL vs. TOR,L,241,90,37,84,0.44,6,17,0.353,10,18,0.556,6,32,38,25,7,5,13,26,-7.0
22013,1610612739,CLE,Cleveland Cavaliers,0021300033,2013-11-02,CLE @ IND,L,240,74,29,83,0.349,3,15,0.2,13,15,0.867,6,31,37,11,15,1,16,25,-15.0
22013,1610612763,MEM,Memphis Grizzlies,0021300036,2013-11-02,MEM @ DAL,L,240,99,37,87,0.425,3,16,0.188,22,26,0.846,17,34,51,20,6,2,17,34,-12.0
22013,1610612761,TOR,Toronto Raptors,0021300037,2013-11-02,TOR @ MIL,W,239,97,31,78,0.397,7,23,0.304,28,38,0.737,18,42,60,19,6,0,17,22,7.0
22013,1610612758,SAC,Sacramento Kings,0021300040,2013-11-02,SAC @ GSW,L,239,87,30,87,0.345,6,26,0.231,21,24,0.875,16,32,48,16,9,1,14,18,-11.0
22013,1610612754,IND,Indiana Pacers,0021300033,2013-11-02,IND vs. CLE,W,240,89,32,77,0.416,10,28,0.357,15,20,0.75,10,41,51,24,6,6,20,16,15.0
22013,1610612742,DAL,Dallas Mavericks,0021300036,2013-11-02,DAL vs. MEM,W,240,111,32,80,0.4,7,19,0.368,40,46,0.87,14,31,45,18,12,4,11,20,12.0
22013,1610612755,PHI,Philadelphia 76ers,0021300034,2013-11-02,PHI vs. CHI,W,241,107,42,86,0.488,11,22,0.5,12,18,0.667,10,29,39,24,8,6,15,18,3.0
22013,1610612744,GSW,Golden State Warriors,0021300040,2013-11-02,GSW vs. SAC,W,240,98,39,76,0.513,11,27,0.407,9,12,0.75,5,39,44,28,8,7,18,22,11.0
22013,1610612766,CHA,Charlotte Bobcats,0021300035,2013-11-02,CHA @ NOP,L,242,84,30,80,0.375,3,21,0.143,21,36,0.583,14,27,41,13,8,4,13,22,-21.0
22013,1610612759,SAS,San Antonio Spurs,0021300039,2013-11-02,SAS @ POR,L,239,105,47,94,0.5,6,12,0.5,5,8,0.625,12,23,35,24,6,2,12,25,-10.0
22013,1610612745,HOU,Houston Rockets,0021300038,2013-11-02,HOU @ UTA,W,240,104,34,67,0.507,9,22,0.409,27,35,0.771,9,31,40,16,6,7,18,23,11.0
22013,1610612757,POR,Portland Trail Blazers,0021300039,2013-11-02,POR vs. SAS,W,239,115,45,81,0.556,8,20,0.4,17,19,0.895,7,32,39,29,3,7,16,15,10.0
22013,1610612762,UTA,Utah Jazz,0021300038,2013-11-02,UTA vs. HOU,L,240,93,34,81,0.42,4,22,0.182,21,27,0.778,15,24,39,12,9,6,15,25,-11.0
22013,1610612749,MIL,Milwaukee Bucks,0021300024,2013-11-01,MIL @ BOS,W,240,105,35,84,0.417,6,15,0.4,29,34,0.853,17,24,41,18,10,7,7,24,7.0
22013,1610612765,DET,Detroit Pistons,0021300026,2013-11-01,DET @ MEM,L,265,108,42,89,0.472,7,21,0.333,17,24,0.708,15,26,41,21,10,6,19,26,-3.0
22013,1610612739,CLE,Cleveland Cavaliers,0021300020,2013-11-01,CLE @ CHA,L,241,84,32,84,0.381,4,18,0.222,16,22,0.727,11,31,42,14,9,1,17,29,-6.0
22013,1610612747,LAL,Los Angeles Lakers,0021300032,2013-11-01,LAL vs. SAS,L,241,85,30,82,0.366,8,27,0.296,17,24,0.708,8,38,46,22,4,7,12,19,-6.0
22013,1610612761,TOR,Toronto Raptors,0021300023,2013-11-01,TOR @ ATL,L,240,95,40,88,0.455,7,23,0.304,8,14,0.571,10,32,42,15,5,6,12,25,-7.0
22013,1610612756,PHX,Phoenix Suns,0021300030,2013-11-01,PHX vs. UTA,W,241,87,31,83,0.373,6,22,0.273,19,24,0.792,16,30,46,15,10,10,16,24,3.0
22013,1610612742,DAL,Dallas Mavericks,0021300025,2013-11-01,DAL @ HOU,L,240,105,38,100,0.38,9,27,0.333,20,25,0.8,16,27,43,20,9,7,14,37,-8.0
22013,1610612759,SAS,San Antonio Spurs,0021300032,2013-11-01,SAS @ LAL,W,239,91,38,94,0.404,5,21,0.238,10,14,0.714,12,38,50,20,7,0,12,18,6.0
22013,1610612763,MEM,Memphis Grizzlies,0021300026,2013-11-01,MEM vs. DET,W,264,111,40,77,0.519,6,18,0.333,25,30,0.833,6,32,38,25,13,4,20,21,3.0
22013,1610612757,POR,Portland Trail Blazers,0021300029,2013-11-01,POR @ DEN,W,239,113,44,103,0.427,14,22,0.636,11,15,0.733,16,39,55,25,3,5,7,25,15.0
22013,1610612760,OKC,Oklahoma City Thunder,0021300027,2013-11-01,OKC @ MIN,L,240,81,29,83,0.349,7,31,0.226,16,19,0.842,14,28,42,16,5,6,21,28,-19.0
22013,1610612745,HOU,Houston Rockets,0021300025,2013-11-01,HOU vs. DAL,W,239,113,34,73,0.466,11,29,0.379,34,51,0.667,13,38,51,17,11,4,22,20,8.0
22013,1610612740,NOP,New Orleans Pelicans,0021300021,2013-11-01,NOP @ ORL,L,239,90,32,92,0.348,6,12,0.5,20,26,0.769,17,27,44,16,7,5,12,21,-20.0
22013,1610612743,DEN,Denver Nuggets,0021300029,2013-11-01,DEN vs. POR,L,241,98,36,99,0.364,6,18,0.333,20,34,0.588,20,35,55,14,6,5,4,19,-15.0
22013,1610612738,BOS,Boston Celtics,0021300024,2013-11-01,BOS vs. MIL,L,241,98,34,76,0.447,4,16,0.25,26,38,0.684,18,34,52,13,5,7,17,29,-7.0
22013,1610612753,ORL,Orlando Magic,0021300021,2013-11-01,ORL vs. NOP,W,238,110,39,70,0.557,11,22,0.5,21,27,0.778,5,39,44,22,11,7,18,19,20.0
22013,1610612750,MIN,Minnesota Timberwolves,0021300027,2013-11-01,MIN vs. OKC,W,239,100,33,77,0.429,8,20,0.4,26,33,0.788,9,35,44,21,14,2,15,21,19.0
22013,1610612746,LAC,Los Angeles Clippers,0021300031,2013-11-01,LAC @ SAC,W,240,110,35,70,0.5,12,24,0.5,28,34,0.824,10,29,39,26,4,5,15,29,9.0
22013,1610612748,MIA,Miami Heat,0021300028,2013-11-01,MIA @ BKN,L,239,100,32,67,0.478,7,14,0.5,29,36,0.806,4,26,30,24,10,2,15,29,-1.0
22013,1610612764,WAS,Washington Wizards,0021300022,2013-11-01,WAS vs. PHI,L,239,102,41,94,0.436,9,26,0.346,11,17,0.647,15,31,46,23,14,6,17,16,-7.0
22013,1610612758,SAC,Sacramento Kings,0021300031,2013-11-01,SAC vs. LAC,L,239,101,36,79,0.456,6,17,0.353,23,32,0.719,10,25,35,21,7,5,9,27,-9.0
22013,1610612766,CHA,Charlotte Bobcats,0021300020,2013-11-01,CHA vs. CLE,W,241,90,33,73,0.452,3,12,0.25,21,34,0.618,5,32,37,21,7,8,15,20,6.0
22013,1610612737,ATL,Atlanta Hawks,0021300023,2013-11-01,ATL vs. TOR,W,240,102,36,77,0.468,10,23,0.435,20,31,0.645,7,30,37,24,7,3,13,12,7.0
22013,1610612755,PHI,Philadelphia 76ers,0021300022,2013-11-01,PHI @ WAS,W,238,109,48,94,0.511,6,23,0.261,7,14,0.5,9,37,46,26,8,6,19,17,7.0
22013,1610612762,UTA,Utah Jazz,0021300030,2013-11-01,UTA @ PHX,L,240,84,31,85,0.365,5,17,0.294,17,27,0.63,22,31,53,20,3,1,20,20,-3.0
22013,1610612751,BKN,Brooklyn Nets,0021300028,2013-11-01,BKN vs. MIA,W,239,101,33,68,0.485,8,16,0.5,27,39,0.692,7,33,40,21,5,5,18,29,1.0
22013,1610612744,GSW,Golden State Warriors,0021300019,2013-10-31,GSW @ LAC,L,240,115,40,76,0.526,12,21,0.571,23,33,0.697,10,23,33,26,7,2,24,35,-11.0
22013,1610612752,NYK,New York Knicks,0021300018,2013-10-31,NYK @ CHI,L,241,81,31,86,0.36,9,24,0.375,10,14,0.714,13,29,42,20,12,8,15,24,-1.0
22013,1610612746,LAC,Los Angeles Clippers,0021300019,2013-10-31,LAC vs. GSW,W,238,126,42,85,0.494,9,28,0.321,33,50,0.66,16,28,44,27,15,4,18,30,11.0
22013,1610612741,CHI,Chicago Bulls,0021300018,2013-10-31,CHI vs. NYK,W,240,82,31,76,0.408,3,16,0.188,17,19,0.895,13,35,48,20,5,3,18,16,1.0
22013,1610612758,SAC,Sacramento Kings,0021300016,2013-10-30,SAC vs. DEN,W,240,90,33,81,0.407,8,21,0.381,16,23,0.696,11,30,41,13,8,7,14,26,2.0
22013,1610612764,WAS,Washington Wizards,0021300007,2013-10-30,WAS @ DET,L,239,102,34,78,0.436,10,25,0.4,24,32,0.75,13,25,38,23,5,3,16,30,-11.0
22013,1610612748,MIA,Miami Heat,0021300005,2013-10-30,MIA @ PHI,L,242,110,42,85,0.494,16,40,0.4,10,13,0.769,7,24,31,30,7,0,19,25,-4.0
22013,1610612739,CLE,Cleveland Cavaliers,0021300004,2013-10-30,CLE vs. BKN,W,241,98,35,84,0.417,5,15,0.333,23,34,0.676,16,32,48,21,7,3,11,20,4.0
22013,1610612765,DET,Detroit Pistons,0021300007,2013-10-30,DET vs. WAS,W,238,113,39,78,0.5,9,24,0.375,26,33,0.788,12,32,44,24,6,4,18,27,11.0
22013,1610612740,NOP,New Orleans Pelicans,0021300011,2013-10-30,NOP vs. IND,L,239,90,34,85,0.4,5,11,0.455,17,21,0.81,15,28,43,17,7,5,15,29,-5.0
22013,1610612743,DEN,Denver Nuggets,0021300016,2013-10-30,DEN @ SAC,L,240,88,34,79,0.43,5,15,0.333,15,17,0.882,8,33,41,19,3,11,18,21,-2.0
22013,1610612756,PHX,Phoenix Suns,0021300015,2013-10-30,PHX vs. POR,W,240,104,43,83,0.518,4,19,0.211,14,18,0.778,11,36,47,18,8,5,15,17,13.0
22013,1610612760,OKC,Oklahoma City Thunder,0021300014,2013-10-30,OKC @ UTA,W,239,101,33,81,0.407,6,19,0.316,29,33,0.879,10,35,45,9,15,4,13,24,3.0
22013,1610612747,LAL,Los Angeles Lakers,0021300017,2013-10-30,LAL @ GSW,L,243,94,35,89,0.393,8,18,0.444,16,21,0.762,9,30,39,19,5,4,16,22,-31.0
22013,1610612763,MEM,Memphis Grizzlies,0021300013,2013-10-30,MEM @ SAS,L,241,94,39,93,0.419,8,15,0.533,8,15,0.533,11,33,44,24,6,3,14,15,-7.0
22013,1610612754,IND,Indiana Pacers,0021300011,2013-10-30,IND @ NOP,W,240,95,30,70,0.429,10,23,0.435,25,30,0.833,6,31,37,19,5,12,16,18,5.0
22013,1610612753,ORL,Orlando Magic,0021300010,2013-10-30,ORL @ MIN,L,265,115,47,100,0.47,10,27,0.37,11,18,0.611,14,40,54,21,7,6,18,29,-5.0
22013,1610612759,SAS,San Antonio Spurs,0021300013,2013-10-30,SAS vs. MEM,W,240,101,40,76,0.526,11,20,0.55,10,16,0.625,4,36,40,25,3,6,15,18,7.0
22013,1610612737,ATL,Atlanta Hawks,0021300012,2013-10-30,ATL @ DAL,L,240,109,37,76,0.487,8,24,0.333,27,35,0.771,5,28,33,27,16,5,17,20,-9.0
22013,1610612750,MIN,Minnesota Timberwolves,0021300010,2013-10-30,MIN vs. ORL,W,266,120,42,100,0.42,8,25,0.32,28,34,0.824,14,35,49,27,7,3,14,19,5.0
22013,1610612752,NYK,New York Knicks,0021300008,2013-10-30,NYK vs. MIL,W,240,90,36,71,0.507,3,13,0.231,15,17,0.882,6,28,34,17,12,6,22,16,7.0
22013,1610612745,HOU,Houston Rockets,0021300009,2013-10-30,HOU vs. CHA,W,239,96,36,76,0.474,9,25,0.36,15,24,0.625,14,40,54,17,4,6,18,16,13.0
22013,1610612744,GSW,Golden State Warriors,0021300017,2013-10-30,GSW vs. LAL,W,241,125,46,86,0.535,15,27,0.556,18,23,0.783,7,41,48,34,8,9,15,22,31.0
22013,1610612738,BOS,Boston Celtics,0021300006,2013-10-30,BOS @ TOR,L,240,87,32,66,0.485,3,13,0.231,20,29,0.69,7,26,33,15,10,7,22,27,-6.0
22013,1610612757,POR,Portland Trail Blazers,0021300015,2013-10-30,POR @ PHX,L,240,91,33,81,0.407,8,26,0.308,17,24,0.708,11,28,39,19,5,5,13,14,-13.0
22013,1610612751,BKN,Brooklyn Nets,0021300004,2013-10-30,BKN @ CLE,L,240,94,33,82,0.402,9,24,0.375,19,24,0.792,9,28,37,24,8,8,15,27,-4.0
22013,1610612766,CHA,Charlotte Bobcats,0021300009,2013-10-30,CHA @ HOU,L,242,83,33,90,0.367,4,10,0.4,13,20,0.65,12,25,37,14,8,6,7,21,-13.0
22013,1610612761,TOR,Toronto Raptors,0021300006,2013-10-30,TOR vs. BOS,W,239,93,38,86,0.442,5,17,0.294,12,23,0.522,19,29,48,15,9,6,17,25,6.0
22013,1610612762,UTA,Utah Jazz,0021300014,2013-10-30,UTA vs. OKC,L,242,98,36,79,0.456,6,22,0.273,20,30,0.667,10,34,44,25,6,5,22,28,-3.0
22013,1610612749,MIL,Milwaukee Bucks,0021300008,2013-10-30,MIL @ NYK,L,240,83,34,74,0.459,5,16,0.313,10,12,0.833,5,26,31,19,10,4,23,22,-7.0
22013,1610612755,PHI,Philadelphia 76ers,0021300005,2013-10-30,PHI vs. MIA,W,238,114,43,80,0.538,8,21,0.381,20,24,0.833,8,32,40,24,16,1,18,21,4.0
22013,1610612742,DAL,Dallas Mavericks,0021300012,2013-10-30,DAL vs. ATL,W,241,118,44,77,0.571,11,24,0.458,19,24,0.792,7,35,42,31,7,2,20,22,9.0
22013,1610612746,LAC,Los Angeles Clippers,0021300003,2013-10-29,LAC @ LAL,L,239,103,41,83,0.494,8,21,0.381,13,23,0.565,10,30,40,27,11,4,16,21,-13.0
22013,1610612753,ORL,Orlando Magic,0021300001,2013-10-29,ORL @ IND,L,241,87,36,93,0.387,9,19,0.474,6,10,0.6,13,26,39,17,10,6,17,26,-10.0
22013,1610612754,IND,Indiana Pacers,0021300001,2013-10-29,IND vs. ORL,W,241,97,34,71,0.479,7,17,0.412,22,32,0.688,10,34,44,17,4,18,20,13,10.0
22013,1610612747,LAL,Los Angeles Lakers,0021300003,2013-10-29,LAL vs. LAC,W,240,116,42,93,0.452,14,29,0.483,18,28,0.643,18,34,52,23,8,6,19,23,13.0
22013,1610612748,MIA,Miami Heat,0021300002,2013-10-29,MIA vs. CHI,W,239,107,37,72,0.514,11,20,0.55,22,29,0.759,5,35,40,26,10,7,18,21,12.0
22013,1610612741,CHI,Chicago Bulls,0021300002,2013-10-29,CHI @ MIA,L,238,95,35,83,0.422,7,26,0.269,18,23,0.783,11,30,41,23,11,4,18,27,-12.0
12013,1610612762,UTA,Utah Jazz,0011300111,2013-10-25,UTA @ LAL,L,241,106,41,91,0.451,9,21,0.429,15,20,0.75,16,32,48,26,6,4,15,21,-5.0
12013,1610612763,MEM,Memphis Grizzlies,0011300110,2013-10-25,MEM vs. HOU,L,240,73,22,69,0.319,2,15,0.133,27,40,0.675,13,31,44,13,8,4,21,25,-19.0
12013,1610612747,LAL,Los Angeles Lakers,0011300111,2013-10-25,LAL vs. UTA,W,240,111,40,80,0.5,13,29,0.448,18,21,0.857,8,32,40,28,7,5,18,22,5.0
12013,1610612752,NYK,New York Knicks,0011300112,2013-10-25,NYK vs. CHA,L,241,83,31,83,0.373,10,26,0.385,11,13,0.846,8,38,46,16,5,8,12,16,-2.0
12013,1610612753,ORL,Orlando Magic,0011300108,2013-10-25,ORL vs. NOP,L,236,82,29,83,0.349,4,20,0.2,20,26,0.769,20,25,45,15,9,5,21,19,-19.0
12013,1610612743,DEN,Denver Nuggets,0011300109,2013-10-25,DEN @ CHI,L,240,89,39,84,0.464,0,9,0.0,11,20,0.55,7,40,47,18,7,3,17,29,-5.0
12013,1610612751,BKN,Brooklyn Nets,0011300113,2013-10-25,BKN @ MIA,W,240,108,40,73,0.548,17,27,0.63,11,18,0.611,8,30,38,23,9,2,21,25,21.0
12013,1610612742,DAL,Dallas Mavericks,0011300115,2013-10-25,DAL vs. IND,L,241,77,27,73,0.37,4,14,0.286,19,26,0.731,10,33,43,17,8,7,24,16,-21.0
12013,1610612758,SAC,Sacramento Kings,0011300116,2013-10-25,SAC @ LAC,W,240,110,37,84,0.44,7,27,0.259,29,39,0.744,14,36,50,28,9,1,11,25,10.0
12013,1610612741,CHI,Chicago Bulls,0011300109,2013-10-25,CHI vs. DEN,W,239,94,33,87,0.379,1,18,0.056,27,39,0.692,16,38,54,21,9,4,14,21,5.0
12013,1610612745,HOU,Houston Rockets,0011300110,2013-10-25,HOU @ MEM,W,240,92,36,85,0.424,4,25,0.16,16,27,0.593,20,36,56,17,12,5,18,33,19.0
12013,1610612748,MIA,Miami Heat,0011300113,2013-10-25,MIA vs. BKN,L,239,87,37,75,0.493,3,13,0.231,10,13,0.769,1,23,24,21,7,3,14,18,-21.0
12013,1610612746,LAC,Los Angeles Clippers,0011300116,2013-10-25,LAC vs. SAC,L,240,100,29,74,0.392,13,32,0.406,29,33,0.879,7,34,41,20,7,6,17,33,-10.0
12013,1610612754,IND,Indiana Pacers,0011300115,2013-10-25,IND @ DAL,W,242,98,36,89,0.404,7,27,0.259,19,21,0.905,17,36,53,21,10,3,17,20,21.0
12013,1610612740,NOP,New Orleans Pelicans,0011300108,2013-10-25,NOP @ ORL,W,240,101,35,67,0.522,11,18,0.611,20,25,0.8,4,31,35,17,6,7,20,26,19.0
12013,1610612766,CHA,Charlotte Bobcats,0011300112,2013-10-25,CHA @ NYK,W,239,85,37,90,0.411,4,19,0.211,7,15,0.467,15,42,57,18,6,1,11,16,2.0
12013,1610612765,DET,Detroit Pistons,0011300106,2013-10-24,DET vs. MIN,W,241,99,36,75,0.48,8,21,0.381,19,34,0.559,11,34,45,21,12,1,15,20,1.0
12013,1610612739,CLE,Cleveland Cavaliers,0011300104,2013-10-24,CLE @ CHA,L,240,92,34,81,0.42,6,18,0.333,18,21,0.857,15,33,48,19,3,3,18,27,-13.0
12013,1610612759,SAS,San Antonio Spurs,0011300105,2013-10-24,SAS vs. HOU,L,239,92,35,88,0.398,7,18,0.389,15,17,0.882,9,32,41,26,7,5,15,20,-17.0
12013,1610612766,CHA,Charlotte Bobcats,0011300104,2013-10-24,CHA vs. CLE,W,239,105,37,82,0.451,7,20,0.35,24,35,0.686,13,24,37,27,10,7,9,18,13.0
12013,1610612745,HOU,Houston Rockets,0011300105,2013-10-24,HOU @ SAS,W,242,109,40,89,0.449,13,38,0.342,16,19,0.842,12,39,51,27,8,3,13,20,17.0
12013,1610612757,POR,Portland Trail Blazers,0011300107,2013-10-24,POR @ GSW,W,240,90,30,83,0.361,6,20,0.3,24,28,0.857,12,46,58,24,5,9,21,15,16.0
12013,1610612750,MIN,Minnesota Timberwolves,0011300106,2013-10-24,MIN @ DET,L,241,98,35,83,0.422,12,33,0.364,16,17,0.941,10,32,42,18,6,2,17,22,-1.0
12013,1610612744,GSW,Golden State Warriors,0011300107,2013-10-24,GSW vs. POR,L,240,74,32,97,0.33,2,15,0.133,8,12,0.667,12,35,47,17,12,9,14,26,-16.0
12013,1610612758,SAC,Sacramento Kings,0011300100,2013-10-23,SAC vs. GSW,W,239,91,29,68,0.426,9,20,0.45,24,32,0.75,9,36,45,17,5,3,25,25,1.0
12013,1610612744,GSW,Golden State Warriors,0011300100,2013-10-23,GSW @ SAC,L,240,90,34,82,0.415,10,27,0.37,12,19,0.632,8,30,38,24,13,3,17,28,-1.0
12013,1610612764,WAS,Washington Wizards,0011300096,2013-10-23,WAS @ CLE,W,239,101,40,87,0.46,15,28,0.536,6,13,0.462,12,31,43,29,14,6,13,20,19.0
12013,1610612752,NYK,New York Knicks,0011300097,2013-10-23,NYK @ MIL,L,240,95,35,88,0.398,10,32,0.313,15,23,0.652,16,23,39,19,10,3,12,29,-10.0
12013,1610612738,BOS,Boston Celtics,0011300094,2013-10-23,BOS vs. BKN,W,242,101,34,75,0.453,5,22,0.227,28,37,0.757,13,31,44,20,6,8,17,22,4.0
12013,1610612748,MIA,Miami Heat,0011300098,2013-10-23,MIA @ NOP,W,240,108,39,75,0.52,10,20,0.5,20,28,0.714,12,24,36,25,15,4,19,25,13.0
12013,1610612739,CLE,Cleveland Cavaliers,0011300096,2013-10-23,CLE vs. WAS,L,240,82,30,76,0.395,7,19,0.368,15,19,0.789,10,32,42,21,7,5,22,17,-19.0
12013,1610612755,PHI,Philadelphia 76ers,0011300095,2013-10-23,PHI vs. MIN,L,240,102,35,100,0.35,7,29,0.241,25,35,0.714,17,39,56,21,11,10,17,31,-23.0
12013,1610612760,OKC,Oklahoma City Thunder,0011300103,2013-10-23,OKC vs. CHI,L,241,95,34,74,0.459,4,17,0.235,23,30,0.767,7,25,32,23,10,5,16,23,-9.0
12013,1610612746,LAC,Los Angeles Clippers,0011300102,2013-10-23,LAC vs. UTA,W,240,103,32,83,0.386,5,18,0.278,34,47,0.723,10,33,43,26,10,8,12,24,4.0
12013,1610612751,BKN,Brooklyn Nets,0011300094,2013-10-23,BKN @ BOS,L,240,97,32,77,0.416,6,23,0.261,27,34,0.794,10,24,34,14,4,2,14,29,-4.0
12013,1610612761,TOR,Toronto Raptors,0011300093,2013-10-23,TOR vs. MEM,W,238,108,37,81,0.457,10,19,0.526,24,26,0.923,12,42,54,22,11,4,16,23,36.0
12013,1610612742,DAL,Dallas Mavericks,0011300101,2013-10-23,DAL vs. ATL,W,239,98,41,86,0.477,9,26,0.346,7,9,0.778,9,31,40,26,4,3,14,21,10.0
12013,1610612749,MIL,Milwaukee Bucks,0011300097,2013-10-23,MIL vs. NYK,W,240,105,35,67,0.522,10,16,0.625,25,36,0.694,7,33,40,26,7,4,17,22,10.0
12013,1610612750,MIN,Minnesota Timberwolves,0011300095,2013-10-23,MIN @ PHI,W,242,125,41,94,0.436,15,29,0.517,28,38,0.737,13,46,59,26,9,5,14,25,23.0
12013,1610612741,CHI,Chicago Bulls,0011300103,2013-10-23,CHI @ OKC,W,241,104,36,74,0.486,9,18,0.5,23,28,0.821,11,35,46,23,6,4,18,22,9.0
12013,1610612737,ATL,Atlanta Hawks,0011300101,2013-10-23,ATL @ DAL,L,240,88,32,73,0.438,6,25,0.24,18,25,0.72,11,31,42,14,11,0,18,17,-10.0
12013,1610612763,MEM,Memphis Grizzlies,0011300093,2013-10-23,MEM @ TOR,L,240,72,28,79,0.354,4,17,0.235,12,18,0.667,7,29,36,20,11,5,18,20,-36.0
12013,1610612762,UTA,Utah Jazz,0011300102,2013-10-23,UTA @ LAC,L,240,99,37,87,0.425,5,17,0.294,20,25,0.8,13,44,57,24,5,7,20,32,-4.0
12013,1610612756,PHX,Phoenix Suns,0011300099,2013-10-23,PHX @ DEN,W,240,98,40,86,0.465,6,20,0.3,12,19,0.632,13,40,53,25,10,6,21,24,19.0
12013,1610612740,NOP,New Orleans Pelicans,0011300098,2013-10-23,NOP vs. MIA,L,240,95,30,66,0.455,11,25,0.44,24,31,0.774,7,24,31,22,9,6,23,28,-13.0
12013,1610612743,DEN,Denver Nuggets,0011300099,2013-10-23,DEN vs. PHX,L,242,79,29,85,0.341,5,15,0.333,16,25,0.64,14,27,41,18,7,2,17,19,-19.0
12013,1610612756,PHX,Phoenix Suns,0011300088,2013-10-22,PHX vs. OKC,W,240,88,36,94,0.383,6,26,0.231,10,16,0.625,18,32,50,19,10,9,19,23,14.0
12013,1610612747,LAL,Los Angeles Lakers,0011300092,2013-10-22,LAL vs. UTA,W,240,108,36,76,0.474,10,25,0.4,26,29,0.897,6,32,38,19,8,7,17,20,14.0
12013,1610612765,DET,Detroit Pistons,0011300090,2013-10-22,DET vs. WAS,W,241,99,37,76,0.487,11,26,0.423,14,21,0.667,5,34,39,29,6,3,12,23,3.0
12013,1610612737,ATL,Atlanta Hawks,0011300089,2013-10-22,ATL vs. IND,L,240,89,36,77,0.468,6,19,0.316,11,13,0.846,6,26,32,27,4,4,19,19,-18.0
12013,1610612760,OKC,Oklahoma City Thunder,0011300088,2013-10-22,OKC @ PHX,L,240,76,30,78,0.385,2,19,0.105,14,24,0.583,10,31,41,13,7,4,19,24,-14.0
12013,1610612753,ORL,Orlando Magic,0011300091,2013-10-22,ORL @ SAS,L,239,101,42,94,0.447,9,17,0.529,8,9,0.889,13,29,42,22,10,4,19,22,-22.0
12013,1610612754,IND,Indiana Pacers,0011300089,2013-10-22,IND @ ATL,W,241,107,41,78,0.526,6,12,0.5,19,22,0.864,8,29,37,22,7,4,15,18,18.0
12013,1610612762,UTA,Utah Jazz,0011300092,2013-10-22,UTA @ LAL,L,239,94,35,88,0.398,8,26,0.308,16,26,0.615,16,30,46,24,10,4,21,30,-14.0
12013,1610612764,WAS,Washington Wizards,0011300090,2013-10-22,WAS @ DET,L,239,96,36,79,0.456,3,16,0.188,21,35,0.6,11,32,43,18,9,2,10,19,-3.0
12013,1610612759,SAS,San Antonio Spurs,0011300091,2013-10-22,SAS vs. ORL,W,238,123,47,88,0.534,11,26,0.423,18,22,0.818,10,35,45,28,11,9,18,13,22.0
12013,1610612755,PHI,Philadelphia 76ers,0011300085,2013-10-21,PHI @ CLE,L,239,93,31,88,0.352,4,18,0.222,27,34,0.794,13,38,51,20,14,6,21,26,-11.0
12013,1610612742,DAL,Dallas Mavericks,0011300087,2013-10-21,DAL @ HOU,L,239,95,38,94,0.404,9,27,0.333,10,13,0.769,12,30,42,27,13,12,18,22,-5.0
12013,1610612739,CLE,Cleveland Cavaliers,0011300085,2013-10-21,CLE vs. PHI,W,241,104,38,86,0.442,9,29,0.31,19,27,0.704,11,35,46,30,11,7,22,26,11.0
12013,1610612749,MIL,Milwaukee Bucks,0011300086,2013-10-21,MIL @ CHI,L,239,84,24,63,0.381,4,13,0.308,32,49,0.653,4,27,31,11,8,7,21,25,-21.0
12013,1610612752,NYK,New York Knicks,0011300084,2013-10-21,NYK @ TOR,L,292,120,43,103,0.417,11,28,0.393,23,36,0.639,15,37,52,19,4,7,15,29,-3.0
12013,1610612761,TOR,Toronto Raptors,0011300084,2013-10-21,TOR vs. NYK,W,290,123,40,95,0.421,11,32,0.344,32,40,0.8,14,43,57,29,7,3,15,38,3.0
12013,1610612741,CHI,Chicago Bulls,0011300086,2013-10-21,CHI vs. MIL,W,240,105,35,83,0.422,8,21,0.381,27,32,0.844,12,40,52,23,9,5,17,37,21.0
12013,1610612745,HOU,Houston Rockets,0011300087,2013-10-21,HOU vs. DAL,W,240,100,35,84,0.417,13,28,0.464,17,26,0.654,16,38,54,20,13,5,23,21,5.0
12013,1610612753,ORL,Orlando Magic,0011300080,2013-10-20,ORL vs. DET,W,239,87,36,78,0.462,4,15,0.267,11,18,0.611,9,27,36,20,16,9,22,23,1.0
12013,1610612750,MIN,Minnesota Timberwolves,0011300081,2013-10-20,MIN vs. BOS,W,239,104,34,79,0.43,10,25,0.4,26,34,0.765,15,39,54,20,7,8,17,24,15.0
12013,1610612763,MEM,Memphis Grizzlies,0011300079,2013-10-20,MEM @ ATL,W,239,90,32,77,0.416,9,14,0.643,17,23,0.739,7,39,46,27,12,6,26,23,8.0
12013,1610612765,DET,Detroit Pistons,0011300080,2013-10-20,DET @ ORL,L,240,86,30,72,0.417,6,18,0.333,20,25,0.8,12,33,45,17,12,5,25,19,-1.0
12013,1610612757,POR,Portland Trail Blazers,0011300083,2013-10-20,POR vs. SAC,W,240,109,40,82,0.488,9,25,0.36,20,24,0.833,12,42,54,22,3,2,18,20,4.0
12013,1610612758,SAC,Sacramento Kings,0011300083,2013-10-20,SAC @ POR,L,241,105,40,97,0.412,11,32,0.344,14,20,0.7,13,27,40,24,10,0,7,21,-4.0
12013,1610612737,ATL,Atlanta Hawks,0011300079,2013-10-20,ATL vs. MEM,L,240,82,28,81,0.346,6,24,0.25,20,25,0.8,8,35,43,20,12,6,20,21,-8.0
12013,1610612760,OKC,Oklahoma City Thunder,0011300082,2013-10-20,OKC vs. UTA,W,240,88,28,74,0.378,4,16,0.25,28,34,0.824,10,39,49,17,8,6,15,24,6.0
12013,1610612762,UTA,Utah Jazz,0011300082,2013-10-20,UTA @ OKC,L,240,82,29,76,0.382,6,22,0.273,18,32,0.563,11,28,39,14,6,4,16,26,-6.0
12013,1610612738,BOS,Boston Celtics,0011300081,2013-10-20,BOS @ MIN,L,239,89,33,86,0.384,3,26,0.115,20,26,0.769,14,26,40,12,10,3,11,25,-15.0
12013,1610612746,LAC,Los Angeles Clippers,0011300078,2013-10-19,LAC vs. DEN,W,264,118,42,81,0.519,7,16,0.438,27,38,0.711,6,31,37,26,11,4,19,29,7.0
12013,1610612742,DAL,Dallas Mavericks,0011300075,2013-10-19,DAL @ CHA,W,242,89,35,85,0.412,9,24,0.375,10,13,0.769,9,29,38,26,12,4,15,24,6.0
12013,1610612759,SAS,San Antonio Spurs,0011300076,2013-10-19,SAS @ MIA,L,239,96,30,73,0.411,11,24,0.458,25,27,0.926,7,33,40,24,7,0,22,19,-25.0
12013,1610612743,DEN,Denver Nuggets,0011300078,2013-10-19,DEN @ LAC,L,265,111,43,87,0.494,6,18,0.333,19,30,0.633,12,33,45,25,6,5,22,34,-7.0
12013,1610612764,WAS,Washington Wizards,0011300074,2013-10-19,WAS @ NOP,L,238,89,29,71,0.408,8,21,0.381,23,29,0.793,8,35,43,23,11,8,27,19,-4.0
12013,1610612766,CHA,Charlotte Bobcats,0011300075,2013-10-19,CHA vs. DAL,L,241,83,29,68,0.426,0,7,0.0,25,33,0.758,8,38,46,17,4,4,22,13,-6.0
12013,1610612754,IND,Indiana Pacers,0011300077,2013-10-19,IND @ CLE,W,241,102,34,76,0.447,6,26,0.231,28,42,0.667,4,35,39,25,8,7,13,30,23.0
12013,1610612740,NOP,New Orleans Pelicans,0011300074,2013-10-19,NOP vs. WAS,W,240,93,34,82,0.415,7,22,0.318,18,22,0.818,12,35,47,20,12,2,24,25,4.0
12013,1610612748,MIA,Miami Heat,0011300076,2013-10-19,MIA vs. SAS,W,242,121,46,81,0.568,13,28,0.464,16,22,0.727,6,33,39,25,16,2,16,29,25.0
12013,1610612739,CLE,Cleveland Cavaliers,0011300077,2013-10-19,CLE vs. IND,L,239,79,23,78,0.295,3,21,0.143,30,41,0.732,17,38,55,17,7,4,22,37,-23.0
12013,1610612746,LAC,Los Angeles Clippers,0011300073,2013-10-18,LAC vs. POR,L,241,84,29,82,0.354,1,15,0.067,25,33,0.758,10,28,38,19,12,8,13,21,-10.0
12013,1610612754,IND,Indiana Pacers,0011300071,2013-10-18,IND @ CHI,L,238,98,34,76,0.447,7,17,0.412,23,35,0.657,10,29,39,21,2,3,16,31,-5.0
12013,1610612747,LAL,Los Angeles Lakers,0011300072,2013-10-18,LAL @ GSW,L,241,89,33,80,0.413,6,24,0.25,17,23,0.739,7,29,36,19,10,2,21,9,-26.0
12013,1610612741,CHI,Chicago Bulls,0011300071,2013-10-18,CHI vs. IND,W,240,103,31,68,0.456,9,19,0.474,32,41,0.78,6,31,37,22,8,3,10,29,5.0
12013,1610612757,POR,Portland Trail Blazers,0011300073,2013-10-18,POR @ LAC,W,240,94,28,73,0.384,10,23,0.435,28,33,0.848,11,45,56,17,6,4,26,25,10.0
12013,1610612763,MEM,Memphis Grizzlies,0011300070,2013-10-18,MEM @ ORL,W,240,97,38,86,0.442,4,16,0.25,17,27,0.63,12,32,44,22,5,3,12,24,6.0
12013,1610612744,GSW,Golden State Warriors,0011300072,2013-10-18,GSW vs. LAL,W,240,115,46,90,0.511,15,26,0.577,8,12,0.667,13,33,46,35,13,5,20,24,26.0
12013,1610612753,ORL,Orlando Magic,0011300070,2013-10-18,ORL vs. MEM,L,239,91,33,76,0.434,4,18,0.222,21,28,0.75,9,29,38,19,7,6,16,24,-6.0
12013,1610612759,SAS,San Antonio Spurs,0011300068,2013-10-17,SAS @ ATL,W,240,106,42,88,0.477,9,26,0.346,13,16,0.813,9,38,47,23,7,3,21,21,2.0
12013,1610612740,NOP,New Orleans Pelicans,0011300066,2013-10-17,NOP @ OKC,W,239,105,37,75,0.493,7,20,0.35,24,30,0.8,9,24,33,16,10,2,13,21,3.0
12013,1610612748,MIA,Miami Heat,0011300069,2013-10-17,MIA @ BKN,L,241,62,21,66,0.318,5,17,0.294,15,35,0.429,11,20,31,15,15,4,14,23,-24.0
12013,1610612765,DET,Detroit Pistons,0011300065,2013-10-17,DET @ CLE,L,239,84,29,75,0.387,8,22,0.364,18,26,0.692,8,29,37,19,12,4,21,17,-12.0
12013,1610612737,ATL,Atlanta Hawks,0011300068,2013-10-17,ATL vs. SAS,L,240,104,39,86,0.453,7,21,0.333,19,29,0.655,8,34,42,30,12,1,16,18,-2.0
12013,1610612766,CHA,Charlotte Bobcats,0011300063,2013-10-17,CHA vs. PHI,W,240,110,38,81,0.469,8,20,0.4,26,36,0.722,14,31,45,25,9,12,17,25,26.0
12013,1610612755,PHI,Philadelphia 76ers,0011300063,2013-10-17,PHI @ CHA,L,241,84,31,83,0.373,8,26,0.308,14,18,0.778,9,30,39,18,6,6,23,30,-26.0
12013,1610612756,PHX,Phoenix Suns,0011300067,2013-10-17,PHX @ SAC,L,241,90,40,84,0.476,3,18,0.167,7,20,0.35,15,35,50,15,6,4,27,30,-17.0
12013,1610612751,BKN,Brooklyn Nets,0011300069,2013-10-17,BKN vs. MIA,W,238,86,32,74,0.432,7,28,0.25,15,20,0.75,17,36,53,22,11,2,25,28,24.0
12013,1610612760,OKC,Oklahoma City Thunder,0011300066,2013-10-17,OKC vs. NOP,L,240,102,36,73,0.493,12,23,0.522,18,20,0.9,9,31,40,24,4,6,21,28,-3.0
12013,1610612764,WAS,Washington Wizards,0011300064,2013-10-17,WAS vs. NYK,L,241,89,34,86,0.395,5,31,0.161,16,25,0.64,11,33,44,20,8,4,12,21,-9.0
12013,1610612752,NYK,New York Knicks,0011300064,2013-10-17,NYK @ WAS,W,239,98,37,80,0.463,11,25,0.44,13,17,0.765,7,30,37,20,7,6,15,20,9.0
12013,1610612739,CLE,Cleveland Cavaliers,0011300065,2013-10-17,CLE vs. DET,W,239,96,38,83,0.458,6,14,0.429,14,19,0.737,17,31,48,27,11,5,21,28,12.0
12013,1610612758,SAC,Sacramento Kings,0011300067,2013-10-17,SAC vs. PHX,W,241,107,36,83,0.434,9,18,0.5,26,36,0.722,9,30,39,18,16,4,14,18,17.0
12013,1610612757,POR,Portland Trail Blazers,0011300062,2013-10-16,POR @ UTA,W,240,99,38,90,0.422,4,19,0.211,19,31,0.613,19,38,57,18,9,3,18,30,7.0
12013,1610612765,DET,Detroit Pistons,0011300060,2013-10-16,DET @ CHI,L,240,81,26,80,0.325,9,19,0.474,20,29,0.69,12,32,44,19,7,4,14,27,-15.0
12013,1610612742,DAL,Dallas Mavericks,0011300059,2013-10-16,DAL @ IND,W,241,92,39,91,0.429,4,16,0.25,10,14,0.714,14,34,48,24,6,9,11,30,7.0
12013,1610612738,BOS,Boston Celtics,0011300058,2013-10-16,BOS @ TOR,L,241,97,35,84,0.417,9,25,0.36,18,22,0.818,16,21,37,23,11,1,16,29,-2.0
12013,1610612762,UTA,Utah Jazz,0011300062,2013-10-16,UTA vs. POR,L,239,92,31,80,0.388,4,10,0.4,26,36,0.722,10,33,43,16,7,6,17,26,-7.0
12013,1610612741,CHI,Chicago Bulls,0011300060,2013-10-16,CHI vs. DET,W,239,96,33,72,0.458,7,17,0.412,23,34,0.676,9,40,49,19,7,8,14,20,15.0
12013,1610612754,IND,Indiana Pacers,0011300059,2013-10-16,IND vs. DAL,L,240,85,25,75,0.333,10,25,0.4,25,39,0.641,17,29,46,16,3,0,17,21,-7.0
12013,1610612745,HOU,Houston Rockets,0011300061,2013-10-16,HOU vs. ORL,W,240,108,35,84,0.417,15,36,0.417,23,27,0.852,13,30,43,25,6,6,15,18,4.0
12013,1610612761,TOR,Toronto Raptors,0011300058,2013-10-16,TOR vs. BOS,W,240,99,32,67,0.478,4,19,0.211,31,38,0.816,12,27,39,17,7,5,21,26,2.0
12013,1610612753,ORL,Orlando Magic,0011300061,2013-10-16,ORL @ HOU,L,240,104,43,94,0.457,6,27,0.222,12,18,0.667,16,33,49,15,6,5,13,26,-4.0
12013,1610612766,CHA,Charlotte Bobcats,0011300052,2013-10-15,CHA @ CLE,W,239,92,30,68,0.441,5,18,0.278,27,39,0.692,9,31,40,16,13,6,15,22,18.0
12013,1610612764,WAS,Washington Wizards,0011300051,2013-10-15,WAS vs. MIA,W,240,100,36,78,0.462,12,32,0.375,16,19,0.842,10,29,39,26,15,6,21,19,18.0
12013,1610612760,OKC,Oklahoma City Thunder,0011300054,2013-10-15,OKC vs. DEN,W,240,109,38,84,0.452,5,17,0.294,28,36,0.778,21,34,55,24,13,7,15,22,28.0
12013,1610612756,PHX,Phoenix Suns,0011300055,2013-10-15,PHX vs. LAC,L,240,96,37,80,0.463,10,23,0.435,12,17,0.706,10,24,34,20,8,2,19,24,-6.0
12013,1610612738,BOS,Boston Celtics,0011300056,2013-10-15,BOS @ BKN,L,241,80,31,87,0.356,5,17,0.294,13,17,0.765,11,38,49,20,13,4,22,26,-2.0
12013,1610612751,BKN,Brooklyn Nets,0011300056,2013-10-15,BKN vs. BOS,W,241,82,27,76,0.355,3,21,0.143,25,35,0.714,11,38,49,15,13,8,21,23,2.0
12013,1610612746,LAC,Los Angeles Clippers,0011300055,2013-10-15,LAC @ PHX,W,240,102,39,74,0.527,9,21,0.429,15,26,0.577,11,31,42,22,6,7,21,29,6.0
12013,1610612747,LAL,Los Angeles Lakers,0011300057,2013-10-15,LAL vs. GSW,L,239,95,34,79,0.43,11,28,0.393,16,22,0.727,9,32,41,25,3,2,21,25,-5.0
12013,1610612743,DEN,Denver Nuggets,0011300054,2013-10-15,DEN @ OKC,L,241,81,29,77,0.377,7,23,0.304,16,21,0.762,10,23,33,17,9,4,21,28,-28.0
12013,1610612763,MEM,Memphis Grizzlies,0011300053,2013-10-15,MEM vs. MIL,W,240,102,33,78,0.423,6,17,0.353,30,41,0.732,12,28,40,19,10,0,13,20,3.0
12013,1610612749,MIL,Milwaukee Bucks,0011300053,2013-10-15,MIL @ MEM,L,240,99,36,78,0.462,6,14,0.429,21,26,0.808,9,33,42,22,7,0,17,29,-3.0
12013,1610612748,MIA,Miami Heat,0011300051,2013-10-15,MIA @ WAS,L,240,82,29,75,0.387,8,30,0.267,16,23,0.696,12,27,39,20,9,1,23,23,-18.0
12013,1610612744,GSW,Golden State Warriors,0011300057,2013-10-15,GSW @ LAL,W,242,100,36,81,0.444,8,25,0.32,20,25,0.8,10,35,45,24,10,5,17,28,5.0
12013,1610612739,CLE,Cleveland Cavaliers,0011300052,2013-10-15,CLE vs. CHA,L,240,74,27,76,0.355,5,18,0.278,15,18,0.833,10,32,42,18,5,4,25,31,-18.0
12013,1610612743,DEN,Denver Nuggets,0011300048,2013-10-14,DEN vs. SAS,W,238,98,38,93,0.409,5,24,0.208,17,27,0.63,13,38,51,22,10,6,14,25,4.0
12013,1610612755,PHI,Philadelphia 76ers,0011300047,2013-10-14,PHI vs. BKN,L,239,97,33,84,0.393,8,25,0.32,23,35,0.657,13,18,31,22,7,4,18,25,-30.0
12013,1610612742,DAL,Dallas Mavericks,0011300050,2013-10-14,DAL vs. ORL,L,239,94,33,87,0.379,5,16,0.313,23,27,0.852,11,21,32,23,14,7,12,22,-8.0
12013,1610612753,ORL,Orlando Magic,0011300050,2013-10-14,ORL @ DAL,W,241,102,38,73,0.521,10,21,0.476,16,25,0.64,13,41,54,19,6,11,28,24,8.0
12013,1610612758,SAC,Sacramento Kings,0011300049,2013-10-14,SAC vs. LAC,W,240,99,36,79,0.456,5,16,0.313,22,30,0.733,16,37,53,20,6,1,17,19,11.0
12013,1610612759,SAS,San Antonio Spurs,0011300048,2013-10-14,SAS @ DEN,L,240,94,34,73,0.466,6,12,0.5,20,34,0.588,5,45,50,24,7,2,22,31,-4.0
12013,1610612746,LAC,Los Angeles Clippers,0011300049,2013-10-14,LAC @ SAC,L,240,88,34,82,0.415,13,35,0.371,7,9,0.778,7,22,29,22,8,2,15,25,-11.0
12013,1610612751,BKN,Brooklyn Nets,0011300047,2013-10-14,BKN @ PHI,W,240,127,48,89,0.539,14,27,0.519,17,24,0.708,18,36,54,34,9,7,23,30,30.0
12013,1610612756,PHX,Phoenix Suns,0011300045,2013-10-13,PHX @ SAS,W,241,106,41,89,0.461,10,27,0.37,14,21,0.667,9,36,45,22,7,7,17,21,7.0
12013,1610612740,NOP,New Orleans Pelicans,0011300043,2013-10-13,NOP vs. ATL,W,239,105,42,75,0.56,3,11,0.273,18,21,0.857,6,38,44,24,14,3,21,23,32.0
12013,1610612763,MEM,Memphis Grizzlies,0011300046,2013-10-13,MEM vs. MAC,W,241,116,40,67,0.597,7,14,0.5,29,38,0.763,9,47,56,34,9,6,21,15,46.0
12013,1610612759,SAS,San Antonio Spurs,0011300045,2013-10-13,SAS vs. PHX,L,239,99,37,82,0.451,6,18,0.333,19,23,0.826,5,34,39,27,6,5,13,19,-7.0
12013,1610612737,ATL,Atlanta Hawks,0011300043,2013-10-13,ATL @ NOP,L,239,73,26,67,0.388,5,19,0.263,16,23,0.696,4,24,28,19,11,5,24,18,-32.0
12013,93,MAC,Haifa Maccabi Haifa,0011300046,2013-10-13,MAC @ MEM,L,241,70,27,83,0.325,4,21,0.19,12,20,0.6,8,18,26,18,7,3,15,32,-46.0
12013,1610612754,IND,Indiana Pacers,0011300044,2013-10-13,IND @ HOU,L,241,98,31,71,0.437,11,22,0.5,25,32,0.781,3,32,35,14,6,10,17,18,-9.0
12013,1610612745,HOU,Houston Rockets,0011300044,2013-10-13,HOU vs. IND,W,241,107,39,85,0.459,15,33,0.455,14,18,0.778,11,35,46,27,12,9,18,28,9.0
12013,1610612766,CHA,Charlotte Bobcats,0011300042,2013-10-12,CHA @ MIL,W,240,83,28,80,0.35,7,18,0.389,20,27,0.741,13,37,50,15,9,3,12,13,7.0
12013,1610612764,WAS,Washington Wizards,0011300037,2013-10-12,WAS vs. CHI,L,240,81,27,82,0.329,8,24,0.333,19,26,0.731,13,31,44,16,9,8,19,16,-2.0
12013,1610612752,NYK,New York Knicks,0011300040,2013-10-12,NYK @ BOS,L,239,81,29,87,0.333,3,18,0.167,20,25,0.8,15,19,34,11,8,2,12,23,-30.0
12013,1610612746,LAC,Los Angeles Clippers,0011300039,2013-10-12,LAC @ UTA,W,240,106,43,78,0.551,11,22,0.5,9,14,0.643,5,35,40,29,7,6,15,24,32.0
12013,1610612761,TOR,Toronto Raptors,0011300038,2013-10-12,TOR @ MIN,W,240,104,35,70,0.5,9,19,0.474,25,34,0.735,11,33,44,18,6,6,26,35,7.0
12013,1610612749,MIL,Milwaukee Bucks,0011300042,2013-10-12,MIL vs. CHA,L,240,76,29,79,0.367,10,25,0.4,8,12,0.667,10,37,47,20,4,7,19,23,-7.0
12013,1610612741,CHI,Chicago Bulls,0011300037,2013-10-12,CHI @ WAS,W,239,83,31,72,0.431,4,20,0.2,17,25,0.68,10,39,49,23,9,5,24,25,2.0
12013,1610612762,UTA,Utah Jazz,0011300039,2013-10-12,UTA vs. LAC,L,240,74,30,83,0.361,7,19,0.368,7,13,0.538,14,26,40,19,7,8,18,14,-32.0
12013,1610612751,BKN,Brooklyn Nets,0011300041,2013-10-12,BKN vs. DET,L,242,88,27,66,0.409,4,18,0.222,30,53,0.566,7,21,28,16,16,9,21,25,-11.0
12013,1610612750,MIN,Minnesota Timberwolves,0011300038,2013-10-12,MIN vs. TOR,L,239,97,28,77,0.364,6,20,0.3,35,50,0.7,13,20,33,16,16,3,16,25,-7.0
12013,1610612765,DET,Detroit Pistons,0011300041,2013-10-12,DET @ BKN,W,240,99,37,72,0.514,4,15,0.267,21,25,0.84,8,33,41,19,10,6,27,36,11.0
12013,1610612738,BOS,Boston Celtics,0011300040,2013-10-12,BOS vs. NYK,W,240,111,39,72,0.542,10,27,0.37,23,30,0.767,8,37,45,19,7,7,17,21,30.0
12013,1610612757,POR,Portland Trail Blazers,0011300035,2013-10-11,POR vs. UTA,W,240,96,35,72,0.486,6,19,0.316,20,27,0.741,9,40,49,19,5,10,23,27,10.0
12013,1610612748,MIA,Miami Heat,0011300036,2013-10-11,MIA vs. CHA,W,240,86,34,76,0.447,7,23,0.304,11,19,0.579,10,31,41,15,10,2,12,22,11.0
12013,1610612753,ORL,Orlando Magic,0011300034,2013-10-11,ORL vs. CLE,L,238,105,41,80,0.513,9,27,0.333,14,19,0.737,12,31,43,24,4,9,25,34,-5.0
12013,1610612752,NYK,New York Knicks,0011300032,2013-10-11,NYK @ TOR,L,239,91,36,91,0.396,5,31,0.161,14,19,0.737,17,30,47,19,12,6,18,31,-9.0
12013,1610612739,CLE,Cleveland Cavaliers,0011300034,2013-10-11,CLE @ ORL,W,240,110,33,84,0.393,7,18,0.389,37,46,0.804,13,23,36,20,15,3,12,25,5.0
12013,1610612762,UTA,Utah Jazz,0011300035,2013-10-11,UTA @ POR,L,241,86,29,77,0.377,8,14,0.571,20,30,0.667,8,25,33,22,10,3,16,25,-10.0
12013,1610612761,TOR,Toronto Raptors,0011300032,2013-10-11,TOR vs. NYK,W,240,100,32,71,0.451,5,24,0.208,31,39,0.795,8,36,44,9,8,3,23,23,9.0
12013,1610612738,BOS,Boston Celtics,0011300033,2013-10-11,BOS @ PHI,L,239,85,31,86,0.36,5,21,0.238,18,23,0.783,15,28,43,21,16,4,16,24,-12.0
12013,1610612766,CHA,Charlotte Bobcats,0011300036,2013-10-11,CHA @ MIA,L,240,75,27,71,0.38,6,20,0.3,15,21,0.714,9,31,40,17,7,4,16,15,-11.0
12013,1610612755,PHI,Philadelphia 76ers,0011300033,2013-10-11,PHI vs. BOS,W,238,97,38,77,0.494,5,16,0.313,16,27,0.593,14,40,54,23,13,4,25,21,12.0
12013,1610612750,MIN,Minnesota Timberwolves,0011300028,2013-10-10,MIN vs. MIL,W,240,98,34,86,0.395,7,15,0.467,23,33,0.697,17,26,43,15,8,4,16,19,9.0
12013,1610612747,LAL,Los Angeles Lakers,0011300029,2013-10-10,LAL vs. SAC,L,241,86,29,84,0.345,8,32,0.25,20,25,0.8,7,31,38,21,5,2,10,13,-18.0
12013,1610612748,MIA,Miami Heat,0011300030,2013-10-10,MIA @ DET,W,241,112,39,82,0.476,10,22,0.455,24,33,0.727,7,22,29,29,12,5,10,30,5.0
12013,1610612765,DET,Detroit Pistons,0011300030,2013-10-10,DET vs. MIA,L,239,107,33,72,0.458,5,20,0.25,36,48,0.75,16,39,55,15,3,8,23,29,-5.0
12013,1610612758,SAC,Sacramento Kings,0011300029,2013-10-10,SAC @ LAL,W,240,104,44,82,0.537,8,17,0.471,8,10,0.8,6,44,50,28,6,3,14,20,18.0
12013,1610612745,HOU,Houston Rockets,0011300031,2013-10-10,HOU @ IND,W,238,116,41,77,0.532,7,21,0.333,27,36,0.75,7,38,45,27,8,6,16,33,20.0
12013,1610612754,IND,Indiana Pacers,0011300031,2013-10-10,IND vs. HOU,L,241,96,32,81,0.395,5,20,0.25,27,39,0.692,11,28,39,16,4,6,19,29,-20.0
12013,1610612749,MIL,Milwaukee Bucks,0011300028,2013-10-10,MIL @ MIN,L,238,89,36,76,0.474,6,13,0.462,11,17,0.647,10,31,41,20,7,7,23,33,-9.0
12013,1610612756,PHX,Phoenix Suns,0011300025,2013-10-09,PHX @ POR,W,241,104,38,82,0.463,9,17,0.529,19,30,0.633,9,34,43,22,8,5,13,29,6.0
12013,1610612759,SAS,San Antonio Spurs,0011300027,2013-10-09,SAS vs. MOS,W,265,95,37,86,0.43,7,21,0.333,14,16,0.875,11,33,44,20,12,3,13,17,2.0
12013,1610612750,MIN,Minnesota Timberwolves,0011300022,2013-10-09,MIN @ TOR,W,240,101,37,79,0.468,7,19,0.368,20,26,0.769,10,31,41,21,5,7,10,21,12.0
12013,1610612742,DAL,Dallas Mavericks,0011300024,2013-10-09,DAL @ MEM,W,238,95,36,79,0.456,7,17,0.412,16,26,0.615,8,37,45,20,9,7,16,24,5.0
12013,1610612752,NYK,New York Knicks,0011300026,2013-10-09,NYK @ BOS,W,241,103,39,75,0.52,9,21,0.429,16,22,0.727,5,29,34,21,3,5,14,21,1.0
12013,1610612740,NOP,New Orleans Pelicans,0011300023,2013-10-09,NOP @ ORL,W,240,99,33,83,0.398,7,13,0.538,26,29,0.897,10,33,43,22,9,7,15,25,4.0
12013,1610612738,BOS,Boston Celtics,0011300026,2013-10-09,BOS vs. NYK,L,241,102,40,81,0.494,10,24,0.417,12,14,0.857,8,28,36,28,5,4,13,26,-1.0
12013,1610612757,POR,Portland Trail Blazers,0011300025,2013-10-09,POR vs. PHX,L,242,98,35,75,0.467,7,21,0.333,21,31,0.677,5,33,38,21,4,4,17,26,-6.0
12013,1610612763,MEM,Memphis Grizzlies,0011300024,2013-10-09,MEM vs. DAL,L,240,90,36,83,0.434,2,20,0.1,16,28,0.571,11,40,51,18,8,3,17,20,-5.0
12013,12308,MOS,Moscow CSKA,0011300027,2013-10-09,MOS @ SAS,L,266,93,37,82,0.451,9,25,0.36,10,11,0.909,11,38,49,22,4,6,19,18,-2.0
12013,1610612753,ORL,Orlando Magic,0011300023,2013-10-09,ORL vs. NOP,L,241,95,34,88,0.386,6,18,0.333,21,28,0.75,17,35,52,19,8,6,17,27,-4.0
12013,1610612761,TOR,Toronto Raptors,0011300022,2013-10-09,TOR vs. MIN,L,243,89,32,75,0.427,6,22,0.273,19,24,0.792,7,28,35,18,6,3,14,26,-12.0
12013,1610612765,DET,Detroit Pistons,0011300020,2013-10-08,DET vs. MAC,W,242,91,32,82,0.39,5,26,0.192,22,29,0.759,13,36,49,21,14,7,12,17,22.0
12013,1610612755,PHI,Philadelphia 76ers,0011300021,2013-10-08,PHI vs. OKC,L,242,99,34,83,0.41,12,30,0.4,19,31,0.613,8,34,42,25,9,2,20,21,-4.0
12013,93,MAC,Haifa Maccabi Haifa,0011300020,2013-10-08,MAC @ DET,L,242,69,28,70,0.4,7,23,0.304,6,13,0.462,4,37,41,21,7,1,26,29,-22.0
12013,1610612760,OKC,Oklahoma City Thunder,0011300021,2013-10-08,OKC @ PHI,W,239,103,40,92,0.435,6,27,0.222,17,21,0.81,12,39,51,30,10,11,19,23,4.0
12013,1610612743,DEN,Denver Nuggets,0011300018,2013-10-08,DEN @ LAL,L,242,88,30,91,0.33,2,14,0.143,26,43,0.605,22,31,53,19,5,8,13,29,-2.0
12013,1610612762,UTA,Utah Jazz,0011300017,2013-10-08,UTA vs. GSW,W,240,101,42,91,0.462,5,11,0.455,12,16,0.75,13,49,62,23,5,8,16,20,23.0
12013,1610612744,GSW,Golden State Warriors,0011300017,2013-10-08,GSW @ UTA,L,241,78,29,89,0.326,9,23,0.391,11,18,0.611,9,32,41,15,7,5,12,21,-23.0
12013,1610612737,ATL,Atlanta Hawks,0011300019,2013-10-08,ATL @ CHA,W,238,87,31,74,0.419,10,27,0.37,15,19,0.789,7,37,44,24,8,12,17,28,2.0
12013,1610612766,CHA,Charlotte Bobcats,0011300019,2013-10-08,CHA vs. ATL,L,239,85,28,76,0.368,5,15,0.333,24,35,0.686,10,31,41,15,9,7,13,16,-2.0
12013,1610612747,LAL,Los Angeles Lakers,0011300018,2013-10-08,LAL vs. DEN,W,241,90,30,76,0.395,4,18,0.222,26,34,0.765,10,34,44,19,2,6,22,33,2.0
12013,1610612749,MIL,Milwaukee Bucks,0011300016,2013-10-08,MIL @ CLE,L,239,87,29,77,0.377,4,18,0.222,25,37,0.676,12,26,38,18,15,13,23,27,-12.0
12013,1610612751,BKN,Brooklyn Nets,0011300015,2013-10-08,BKN @ WAS,W,265,111,39,80,0.488,6,21,0.286,27,42,0.643,10,38,48,29,10,6,24,33,5.0
12013,1610612764,WAS,Washington Wizards,0011300015,2013-10-08,WAS vs. BKN,L,265,106,35,88,0.398,2,18,0.111,34,43,0.791,13,32,45,15,11,3,23,35,-5.0
12013,1610612739,CLE,Cleveland Cavaliers,0011300016,2013-10-08,CLE vs. MIL,W,240,99,34,82,0.415,7,21,0.333,24,34,0.706,19,31,50,21,11,5,26,33,12.0
12013,1610612758,SAC,Sacramento Kings,0011300014,2013-10-07,SAC @ GSW,L,241,81,30,73,0.411,7,19,0.368,14,22,0.636,8,32,40,20,11,4,26,23,-13.0
12013,1610612756,PHX,Phoenix Suns,0011300009,2013-10-07,PHX vs. MAC,W,240,130,55,88,0.625,5,17,0.294,15,22,0.682,9,38,47,30,16,9,16,21,41.0
12013,1610612746,LAC,Los Angeles Clippers,0011300010,2013-10-07,LAC @ POR,W,240,89,30,81,0.37,3,16,0.188,26,31,0.839,13,31,44,24,10,6,14,25,8.0
12013,1610612748,MIA,Miami Heat,0011300012,2013-10-07,MIA vs. ATL,W,240,92,31,72,0.431,12,26,0.462,18,24,0.75,5,32,37,20,8,4,21,25,5.0
12013,93,MAC,Haifa Maccabi Haifa,0011300009,2013-10-07,MAC @ PHX,L,241,89,31,79,0.392,10,24,0.417,17,25,0.68,7,24,31,15,5,2,23,19,-41.0
12013,1610612741,CHI,Chicago Bulls,0011300007,2013-10-07,CHI vs. MEM,W,240,106,35,74,0.473,5,9,0.556,31,43,0.721,14,29,43,17,9,8,17,26,19.0
12013,1610612761,TOR,Toronto Raptors,0011300011,2013-10-07,TOR @ BOS,W,240,97,37,71,0.521,2,11,0.182,21,26,0.808,11,35,46,16,9,4,25,22,8.0
12013,1610612744,GSW,Golden State Warriors,0011300014,2013-10-07,GSW vs. SAC,W,241,94,36,83,0.434,6,16,0.375,16,21,0.762,12,32,44,23,10,8,22,23,13.0
12013,1610612738,BOS,Boston Celtics,0011300011,2013-10-07,BOS vs. TOR,L,240,89,33,83,0.398,7,24,0.292,16,19,0.842,8,18,26,25,9,7,14,22,-8.0
12013,12308,MOS,Moscow CSKA,0011300008,2013-10-07,MOS @ MIN,W,265,108,42,80,0.525,7,17,0.412,17,24,0.708,3,44,47,30,7,9,17,30,2.0
12013,1610612742,DAL,Dallas Mavericks,0011300013,2013-10-07,DAL vs. NOP,L,241,92,36,72,0.5,8,17,0.471,12,17,0.706,7,36,43,26,2,3,28,21,-2.0
12013,1610612737,ATL,Atlanta Hawks,0011300012,2013-10-07,ATL @ MIA,L,241,87,32,75,0.427,4,23,0.174,19,25,0.76,7,34,41,20,11,6,21,19,-5.0
12013,1610612763,MEM,Memphis Grizzlies,0011300007,2013-10-07,MEM @ CHI,L,239,87,31,72,0.431,5,14,0.357,20,29,0.69,9,22,31,21,7,3,19,31,-19.0
12013,1610612757,POR,Portland Trail Blazers,0011300010,2013-10-07,POR vs. LAC,L,240,81,28,78,0.359,5,24,0.208,20,27,0.741,17,33,50,14,6,4,21,27,-8.0
12013,1610612750,MIN,Minnesota Timberwolves,0011300008,2013-10-07,MIN vs. MOS,L,265,106,40,97,0.412,4,21,0.19,22,36,0.611,16,30,46,18,6,6,11,22,-2.0
12013,1610612740,NOP,New Orleans Pelicans,0011300013,2013-10-07,NOP @ DAL,W,241,94,37,86,0.43,10,15,0.667,10,14,0.714,12,28,40,17,16,5,14,27,2.0
12013,12324,UBB,Bilbao Basket,0011300005,2013-10-06,UBB vs. PHI,L,240,104,35,83,0.422,6,26,0.231,28,32,0.875,16,29,45,25,10,0,31,33,-2.0
12013,1610612755,PHI,Philadelphia 76ers,0011300005,2013-10-06,PHI @ UBB,W,240,106,32,72,0.444,8,20,0.4,34,46,0.739,12,27,39,17,23,2,26,34,2.0
12013,1610612747,LAL,Los Angeles Lakers,0011300006,2013-10-06,LAL vs. DEN,L,239,88,30,93,0.323,10,27,0.37,18,25,0.72,13,34,47,21,9,3,22,23,-9.0
12013,1610612743,DEN,Denver Nuggets,0011300006,2013-10-06,DEN @ LAL,W,239,97,36,85,0.424,5,17,0.294,20,27,0.741,10,45,55,23,9,10,28,33,9.0
12013,1610612754,IND,Indiana Pacers,0011300002,2013-10-05,IND vs. CHI,L,240,76,27,82,0.329,5,17,0.294,17,23,0.739,11,27,38,15,12,8,15,23,-6.0
12013,1610612741,CHI,Chicago Bulls,0011300002,2013-10-05,CHI @ IND,W,239,82,28,74,0.378,3,10,0.3,23,30,0.767,17,39,56,20,5,10,23,25,6.0
12013,1610612760,OKC,Oklahoma City Thunder,0011300001,2013-10-05,OKC @ FBU,W,241,95,36,74,0.486,2,14,0.143,21,28,0.75,18,34,52,22,9,8,20,26,13.0
12013,12321,FBU,Istanbul Fenerbahce Ulker,0011300001,2013-10-05,FBU vs. OKC,L,240,82,26,68,0.382,10,28,0.357,20,31,0.645,10,17,27,13,11,2,14,24,-13.0
12013,1610612744,GSW,Golden State Warriors,0011300004,2013-10-05,GSW @ LAL,L,241,95,35,88,0.398,5,21,0.238,20,28,0.714,14,38,52,21,13,5,23,31,-9.0
12013,1610612740,NOP,New Orleans Pelicans,0011300003,2013-10-05,NOP @ HOU,W,239,116,42,86,0.488,4,10,0.4,28,40,0.7,12,21,33,17,12,4,15,32,1.0
12013,1610612745,HOU,Houston Rockets,0011300003,2013-10-05,HOU vs. NOP,L,240,115,39,68,0.574,8,22,0.364,29,38,0.763,5,30,35,24,9,4,22,27,-1.0
12013,1610612747,LAL,Los Angeles Lakers,0011300004,2013-10-05,LAL vs. GSW,W,240,104,35,85,0.412,6,22,0.273,28,35,0.8,7,37,44,22,7,4,19,27,9.0
